
Ice 2

Unit 1

D. E-Flips
POLYGON((965 691, 960 702, 955 713, 941.99999961256981 716.66666677594185, 928.99999922513962 720.3333335518837, 916 724, 900 731, 879 723, 858 715, 836 733.5, 814 752, 799 727, 741 667, 728 644, 715 621, 725.5 594.5, 736 568, 839 549, 861.00000065565109 562.66666707396507, 883.00000131130219 576.33333414793015, 905 590, 941 641, 965 691))
POLYGON((973 694, 975 710, 964 722, 946 719, 939 730, 927 733, 924 741, 905 737, 874 707, 865 724, 822 760, 785.5 716, 749 672, 734 651, 724 624, 734 599, 752 577, 824 559, 861 566, 876 570, 914 597, 935 619, 973 694))

Unit 2

D. E-Flips
POLYGON((876 570, 935 619, 955 664.5, 975 710, 946 719, 927 733, 924 741, 905 737, 874 707, 865 724, 822 760, 749 672, 734 651, 724 624, 752 577, 788 568, 824 559, 842.5 562.5, 861 566, 876 570))
POLYGON((928 614, 938 634, 970 680, 975 701, 969 716, 947 718, 928 742, 912 740, 876 711, 867 731, 830 767, 798 736, 747 684, 721 646, 738 589, 750 580, 814 568, 837 564, 867 576, 928 614))

Unit 3

D. E-Flips
POLYGON((970 680, 969 716, 947 718, 940.66666647791862 726.00000023841858, 934.33333295583725 734.00000047683716, 928 742, 912 740, 894 725.5, 876 711, 867 731, 830 767, 814 751.5, 798 736, 747 684, 721 646, 729.5 617.5, 738 589, 776 578.5, 814 568, 837 564, 852 570, 867 576, 897.5 595, 928 614, 970 680))
POLYGON((965 635, 963 653, 947 659, 942 675, 932 679, 935 689, 918 693, 897 682, 875 680, 871 710, 852 748, 826 731, 810 729, 741 698, 708 673, 703 651, 705 626, 715 604, 760 570, 796 555, 835 576, 852 564, 878 573, 899 574, 965 635))

Unit 4

D. E-Flips
POLYGON((932 604.5, 965 635, 964 644, 963 653, 932 679, 897 682, 871 710, 852 748, 810 729, 708 673, 705 626, 715 604, 760 570, 796 555, 835 576, 852 564, 878 573, 899 574, 932 604.5))
POLYGON((940 642, 939 657, 931 663, 935 673, 913 679, 875 672, 876 697, 863 745, 730 708, 706 694, 697 664, 705 624, 741 586, 773 563, 835 560, 880 569, 953 610, 957 632, 940 642))

Unit 5

D. E-Flips
POLYGON((730 708, 706 694, 701.5 679, 697 664, 705 624, 773 563, 804 561.5, 835 560, 880 569, 916.5 589.5, 953 610, 957 632, 940 642, 939 657, 931 663, 935 673, 913 679, 875 672, 876 697, 863 745, 730 708))
POLYGON((769 742, 722 728, 711 708, 706 694, 707 663, 748 603, 764 592, 787 581, 841 575, 869 577, 953 607, 960 630, 947 641, 948 654, 941 665, 947 673, 933 683, 887 682, 892 697, 884 756, 769 742))

Unit 6

D. E-Flips
POLYGON((769 742, 722 728, 711 708, 706 694, 707 663, 727.5 633, 748 603, 808.5 590, 869 577, 888.5 593, 908 609, 927.5 625, 947 641, 947 673, 887 682, 892 697, 884 756, 769 742))
POLYGON((858 799, 833 814, 791 802, 767 773, 753 732, 749 689, 755 672, 770 652, 807 596, 884 555, 900 563, 901 583, 914 588, 924 613, 897 656, 915 663, 952 701, 858 799))

Unit 7

D. E-Flips
POLYGON((905 750, 858 799, 833 814, 767 773, 753 732, 749 689, 755 672, 770 652, 807 596, 884 555, 892 559, 900 563, 901 583, 912.5 598, 924 613, 915 663, 933.5 682, 952 701, 905 750))
POLYGON((975 705, 949 781, 926 812, 875 814, 823 766, 804 736, 806 660, 810 642, 853 562, 881 555, 892 572, 909 576, 914 583, 922 580, 928 597, 920 640, 946 640, 990 655, 975 705))

Unit 8

INNVALID

D. E-Flips
POLYGON((949 781, 926 812, 823 766, 804 736, 810 642, 881 555, 886.5 563.5, 892 572, 909 576, 914 583, 922 580, 924.00000005960464 585.66666683554649, 926.00000011920929 591.33333367109299, 928 597, 924 618.5, 920 640, 928.66666692495346 640, 937.33333384990692 640, 946 640, 990 655, 949 781))
POLYGON((972 774, 955 806, 922 817, 905 816, 850 782, 822 755, 812 697, 812 656, 835 582, 848 565, 863 562, 876 576, 893 576, 899 583, 909 579, 917 592, 916 637, 962 632, 968 638, 990 640, 972 774))

Unit 9

D. E-Flips
POLYGON((905 750, 858 799, 833 814, 767 773, 753 732, 749 689, 755 672, 770 652, 807 596, 884 555, 892 559, 900 563, 900.5 573, 901 583, 924 613, 915 663, 933.5 682, 952 701, 905 750))
POLYGON((975 705, 949 781, 926 812, 875 814, 823 766, 804 736, 806 660, 810 642, 853 562, 881 555, 892 572, 909 576, 914 583, 922 580, 928 597, 920 640, 946 640, 990 655, 975 705))

Ice 2

Unit 1

D. E-Flips
POLYGON((965 691, 960 702, 955 713, 941.99999961256981 716.66666677594185, 928.99999922513962 720.3333335518837, 916 724, 900 731, 879 723, 858 715, 836 733.5, 814 752, 799 727, 741 667, 728 644, 715 621, 725.5 594.5, 736 568, 839 549, 861.00000065565109 562.66666707396507, 883.00000131130219 576.33333414793015, 905 590, 941 641, 965 691))
POLYGON((973 694, 975 710, 964 722, 946 719, 939 730, 927 733, 924 741, 905 737, 874 707, 865 724, 822 760, 785.5 716, 749 672, 734 651, 724 624, 734 599, 752 577, 824 559, 861 566, 876 570, 914 597, 935 619, 973 694))

Unit 2

D. E-Flips
POLYGON((876 570, 935 619, 955 664.5, 975 710, 946 719, 927 733, 924 741, 905 737, 874 707, 865 724, 822 760, 749 672, 734 651, 724 624, 752 577, 788 568, 824 559, 842.5 562.5, 861 566, 876 570))
POLYGON((928 614, 938 634, 970 680, 975 701, 969 716, 947 718, 928 742, 912 740, 876 711, 867 731, 830 767, 798 736, 747 684, 721 646, 738 589, 750 580, 814 568, 837 564, 867 576, 928 614))

Unit 3

D. E-Flips
POLYGON((970 680, 969 716, 947 718, 940.66666647791862 726.00000023841858, 934.33333295583725 734.00000047683716, 928 742, 912 740, 894 725.5, 876 711, 867 731, 830 767, 814 751.5, 798 736, 747 684, 721 646, 729.5 617.5, 738 589, 776 578.5, 814 568, 837 564, 852 570, 867 576, 897.5 595, 928 614, 970 680))
POLYGON((965 635, 963 653, 947 659, 942 675, 932 679, 935 689, 918 693, 897 682, 875 680, 871 710, 852 748, 826 731, 810 729, 741 698, 708 673, 703 651, 705 626, 715 604, 760 570, 796 555, 835 576, 852 564, 878 573, 899 574, 965 635))

Unit 4

D. E-Flips
POLYGON((932 604.5, 965 635, 964 644, 963 653, 932 679, 897 682, 871 710, 852 748, 810 729, 708 673, 705 626, 715 604, 760 570, 796 555, 835 576, 852 564, 878 573, 899 574, 932 604.5))
POLYGON((940 642, 939 657, 931 663, 935 673, 913 679, 875 672, 876 697, 863 745, 730 708, 706 694, 697 664, 705 624, 741 586, 773 563, 835 560, 880 569, 953 610, 957 632, 940 642))

Unit 5

D. E-Flips
POLYGON((730 708, 706 694, 701.5 679, 697 664, 705 624, 773 563, 804 561.5, 835 560, 880 569, 916.5 589.5, 953 610, 957 632, 940 642, 939 657, 931 663, 935 673, 913 679, 875 672, 876 697, 863 745, 730 708))
POLYGON((769 742, 722 728, 711 708, 706 694, 707 663, 748 603, 764 592, 787 581, 841 575, 869 577, 953 607, 960 630, 947 641, 948 654, 941 665, 947 673, 933 683, 887 682, 892 697, 884 756, 769 742))

Unit 6

D. E-Flips
POLYGON((769 742, 722 728, 711 708, 706 694, 707 663, 727.5 633, 748 603, 808.5 590, 869 577, 888.5 593, 908 609, 927.5 625, 947 641, 947 673, 887 682, 892 697, 884 756, 769 742))
POLYGON((858 799, 833 814, 791 802, 767 773, 753 732, 749 689, 755 672, 770 652, 807 596, 884 555, 900 563, 901 583, 914 588, 924 613, 897 656, 915 663, 952 701, 858 799))

Unit 7

D. E-Flips
POLYGON((905 750, 858 799, 833 814, 767 773, 753 732, 749 689, 755 672, 770 652, 807 596, 884 555, 892 559, 900 563, 901 583, 912.5 598, 924 613, 915 663, 933.5 682, 952 701, 905 750))
POLYGON((975 705, 949 781, 926 812, 875 814, 823 766, 804 736, 806 660, 810 642, 853 562, 881 555, 892 572, 909 576, 914 583, 922 580, 928 597, 920 640, 946 640, 990 655, 975 705))

Unit 8

D. E-Flips

CALL triangulate_meshes() ERR: Using Steiner Points: 0 Code: 8

Unit 9

D. E-Flips

CALL triangulate_meshes() ERR: Using Steiner Points: 0 Code: 8

