
MR x MP Dataset

D	disjoint
t	touch
O	overlap
I	inside


X. 

MR source observation
MR target observation

MP

xi,yi#xj,yj#t0,t1
755,489#895,774#1000,2000 > linear, 1 unit defined in [1000, 2000]


xi,yi#xk,yk#xj,yj#t0,t1
802.826,764.752#896.5,690.5#990.308,633.951#1000,2000 > quad bezier, 1 unit defined in [1000, 2000]

1.

POLYGON((975.0420063220051 697.090167065809, 968.2376237623762 719.366754617414, 949.8141049487542 719.682075626039, 947.5206593693675 726.5578738835004, 929.1730947342762 738.0175376459358, 929.5007298170459 743.256241080192, 924.3364137823626 741.690195051915, 919.6716773339609 738.3449566105769, 912.7913405958017 741.619146256987, 901.9793828644084 732.4514152470385, 891.8226952985542 721.3191704492442, 884.6147234776257 716.73530494427, 877.4067516566968 712.1514394392957, 873.1474955806933 721.3191704492442, 868.8882395046899 730.4869014591925, 851.6435643564355 749.7625329815303, 845.7678029771724 751.5623397481193, 839.0734469726663 758.972351382961, 829.2443944895814 769.7771772161138, 823.6745980825001 760.609446206166, 814 751.4999999999998, 811.0891089108911 744.6965699208442, 802.3783177024834 736.3804428227309, 798 736, 769.3716535620496 707.0652770818208, 757.5275973847811 695.0944675046978, 734.5578555691986 671.8789067884509, 719.8142768445714 645.3579706525286, 721.7800873411885 635.8628206779392, 723.7458978378055 621.1289672690934, 735.4026288700353 597.7088326122334, 738 589, 763.0621077701443 576.5999880779154, 814 568, 845.6261486280558 565.4677432801209, 852 570, 878.7172919877744 575.2903122193516, 892.7049504950495 586.1319261213721, 901.829702970297 592.211081794195, 907.3811614420508 597.0972549398289, 928 614.0000000000002, 975.0420063220051 697.090167065809))
POLYGON((965 635, 963.1683168316831 648.4432717678101, 958.0990099009902 658.5751978891822, 947.960396039604 658.5751978891822, 942 675, 932 679, 933.5 683.9999999999998, 935 689, 919.2997169901681 692.9781016562131, 907.4059405940594 688.9709762532982, 897.2673267326733 683.9050131926122, 884.6074998412831 681.6848638401293, 875 680, 875.5385318320745 694.8658276536648, 871 710, 861.6493140294922 728.7013719410154, 858.3483767115072 735.028033248251, 855.0474393935223 741.3546945554867, 851.6115528967149 747.7221555823205, 837.1294340674169 742.0589775899646, 826.2970297029703 734.5646437994724, 816.1584158415842 729.4986807387863, 810.6838257704394 731.3618636044034, 793.0534202391211 721.608612617568, 772.9043853461864 709.6530146337057, 755.3267326732673 704.1688654353561, 741 698, 724.9108910891089 688.9709762532982, 704.6336633663364 668.707124010554, 703 651.0000000000002, 702.6975918911147 637.9194267305304, 705 626, 714.7722772277225 602.8496042216359, 760 570, 795.8811881188119 552.1899736147757, 834.2959760355977 574.0513638167383, 846.5742574257424 562.3218997361478, 878 573.0000000000002, 887.1287128712871 572.4538258575199, 902.3366336633663 582.5857519788917, 950.7825840103793 618.7275457564351, 965 635))

755,489#895,774#1000,2000

2.

POLYGON((975.0420063220051 697.090167065809, 968.2376237623762 719.366754617414, 949.8141049487542 719.682075626039, 947.5206593693675 726.5578738835004, 929.1730947342762 738.0175376459358, 929.5007298170459 743.256241080192, 924.3364137823626 741.690195051915, 919.6716773339609 738.3449566105769, 912.7913405958017 741.619146256987, 901.9793828644084 732.4514152470385, 891.8226952985542 721.3191704492442, 884.6147234776257 716.73530494427, 877.4067516566968 712.1514394392957, 873.1474955806933 721.3191704492442, 868.8882395046899 730.4869014591925, 851.6435643564355 749.7625329815303, 845.7678029771724 751.5623397481193, 839.0734469726663 758.972351382961, 829.2443944895814 769.7771772161138, 823.6745980825001 760.609446206166, 814 751.4999999999998, 811.0891089108911 744.6965699208442, 802.3783177024834 736.3804428227309, 798 736, 769.3716535620496 707.0652770818208, 757.5275973847811 695.0944675046978, 734.5578555691986 671.8789067884509, 719.8142768445714 645.3579706525286, 721.7800873411885 635.8628206779392, 723.7458978378055 621.1289672690934, 735.4026288700353 597.7088326122334, 738 589, 763.0621077701443 576.5999880779154, 814 568, 845.6261486280558 565.4677432801209, 852 570, 878.7172919877744 575.2903122193516, 892.7049504950495 586.1319261213721, 901.829702970297 592.211081794195, 907.3811614420508 597.0972549398289, 928 614.0000000000002, 975.0420063220051 697.090167065809))
POLYGON((965 635, 963.1683168316831 648.4432717678101, 958.0990099009902 658.5751978891822, 947.960396039604 658.5751978891822, 942 675, 932 679, 933.5 683.9999999999998, 935 689, 919.2997169901681 692.9781016562131, 907.4059405940594 688.9709762532982, 897.2673267326733 683.9050131926122, 884.6074998412831 681.6848638401293, 875 680, 875.5385318320745 694.8658276536648, 871 710, 861.6493140294922 728.7013719410154, 858.3483767115072 735.028033248251, 855.0474393935223 741.3546945554867, 851.6115528967149 747.7221555823205, 837.1294340674169 742.0589775899646, 826.2970297029703 734.5646437994724, 816.1584158415842 729.4986807387863, 810.6838257704394 731.3618636044034, 793.0534202391211 721.608612617568, 772.9043853461864 709.6530146337057, 755.3267326732673 704.1688654353561, 741 698, 724.9108910891089 688.9709762532982, 704.6336633663364 668.707124010554, 703 651.0000000000002, 702.6975918911147 637.9194267305304, 705 626, 714.7722772277225 602.8496042216359, 760 570, 795.8811881188119 552.1899736147757, 834.2959760355977 574.0513638167383, 846.5742574257424 562.3218997361478, 878 573.0000000000002, 887.1287128712871 572.4538258575199, 902.3366336633663 582.5857519788917, 950.7825840103793 618.7275457564351, 965 635))

802.826,764.752#990.308,633.951#1000,2000

3.

POLYGON((975.0420063220051 697.090167065809, 968.2376237623762 719.366754617414, 949.8141049487542 719.682075626039, 947.5206593693675 726.5578738835004, 929.1730947342762 738.0175376459358, 929.5007298170459 743.256241080192, 924.3364137823626 741.690195051915, 919.6716773339609 738.3449566105769, 912.7913405958017 741.619146256987, 901.9793828644084 732.4514152470385, 891.8226952985542 721.3191704492442, 884.6147234776257 716.73530494427, 877.4067516566968 712.1514394392957, 873.1474955806933 721.3191704492442, 868.8882395046899 730.4869014591925, 851.6435643564355 749.7625329815303, 845.7678029771724 751.5623397481193, 839.0734469726663 758.972351382961, 829.2443944895814 769.7771772161138, 823.6745980825001 760.609446206166, 814 751.4999999999998, 811.0891089108911 744.6965699208442, 802.3783177024834 736.3804428227309, 798 736, 769.3716535620496 707.0652770818208, 757.5275973847811 695.0944675046978, 734.5578555691986 671.8789067884509, 719.8142768445714 645.3579706525286, 721.7800873411885 635.8628206779392, 723.7458978378055 621.1289672690934, 735.4026288700353 597.7088326122334, 738 589, 763.0621077701443 576.5999880779154, 814 568, 845.6261486280558 565.4677432801209, 852 570, 878.7172919877744 575.2903122193516, 892.7049504950495 586.1319261213721, 901.829702970297 592.211081794195, 907.3811614420508 597.0972549398289, 928 614.0000000000002, 975.0420063220051 697.090167065809))
POLYGON((965 635, 963.1683168316831 648.4432717678101, 958.0990099009902 658.5751978891822, 947.960396039604 658.5751978891822, 942 675, 932 679, 933.5 683.9999999999998, 935 689, 919.2997169901681 692.9781016562131, 907.4059405940594 688.9709762532982, 897.2673267326733 683.9050131926122, 884.6074998412831 681.6848638401293, 875 680, 875.5385318320745 694.8658276536648, 871 710, 861.6493140294922 728.7013719410154, 858.3483767115072 735.028033248251, 855.0474393935223 741.3546945554867, 851.6115528967149 747.7221555823205, 837.1294340674169 742.0589775899646, 826.2970297029703 734.5646437994724, 816.1584158415842 729.4986807387863, 810.6838257704394 731.3618636044034, 793.0534202391211 721.608612617568, 772.9043853461864 709.6530146337057, 755.3267326732673 704.1688654353561, 741 698, 724.9108910891089 688.9709762532982, 704.6336633663364 668.707124010554, 703 651.0000000000002, 702.6975918911147 637.9194267305304, 705 626, 714.7722772277225 602.8496042216359, 760 570, 795.8811881188119 552.1899736147757, 834.2959760355977 574.0513638167383, 846.5742574257424 562.3218997361478, 878 573.0000000000002, 887.1287128712871 572.4538258575199, 902.3366336633663 582.5857519788917, 950.7825840103793 618.7275457564351, 965 635))

802.826,764.752#896.5,690.5#990.308,633.951#1000,2000

4.

Polygon ((625.60285412388361692 848.36828579784025806, 596.34076760988864407 823.55912549249683252, 603.97435539614821209 808.9280822354993461, 620.51379559971064737 811.47261149758583088, 631.32804496357823609 804.47515602684779878, 633.23644191014318494 788.5718481388072405, 613.51634012897261528 763.12655551794205167, 610.33567855136459457 720.50569037799289163, 638.3255004343161545 698.24105933473595087, 668.85985157935442658 691.8797361795195684, 691.12448262261136733 700.14945628130078603, 698.12193809334928574 717.32502880038475723, 689.21608567604641848 739.58965984364169799, 702.57486430200071936 756.12910004720413326, 734.3814800780820633 751.04004152303116371, 741.3789355488199817 724.32248427112267564, 765.551963538641985 717.32502880038475723, 782.7275360577259562 724.95861658664432525, 792.90565310607189531 757.40136467824743249, 785.9081976353339769 781.57439266806920841, 766.18809585416352093 791.11637740089372528, 728.0201569228659082 786.02731887672064204, 736.92600934016866177 805.7474206578912117, 768.09649280072835609 826.73978707010485323, 797.99471163024497855 821.65072854593176999, 801.81150552337476256 838.82630106501574119, 759.82677269894725214 845.18762422023212366, 752.82931722820933373 860.45479979275114601, 747.10412638851471456 878.26650462735676683, 731.20081850047404259 886.53622472913798447, 715.29751061243325694 878.90263694287841645, 718.47817219004139133 864.90772600140257964, 735.65374470912536253 837.55403643397255564, 719.11430450556304095 825.467522439061554, 708.30005514169533853 810.20034686654253164, 702.57486430200071936 790.48024508537207566, 672.04051315696244728 794.29703897850185967, 676.4934393656139946 810.20034686654253164, 675.22117473457069536 829.92044864771310131, 655.5010729534001257 850.91281505992685652, 625.60285412388361692 848.36828579784025806))
Polygon ((706.70553660468544876 678.20429095876056635, 707.01292790704860636 670.55041367985040779, 709.60827545294705487 664.44461890553407102, 714.26057379424082683 658.57928610521935298, 725.00787080502414028 649.68326754334066209, 739.03582089360338614 642.04406131037194427, 766.40832508741391393 633.80762860441359408, 794.68321414780643863 626.1420051436441554, 809.91912333364246024 628.30923061171438349, 824.53011422889949245 642.57192193123285051, 826.05050035276190101 660.68601420567802052, 815.15041278239073108 679.33450087900723702, 796.99764382460853085 685.18765912119067707, 808.02377513813564747 714.89963107817834498, 826.28528942405046109 734.38130536065818887, 844.95501619525600745 733.6663519357948644, 854.99991537960602273 741.57738137626654407, 856.10034301207963381 752.35428782721305652, 847.22899691343786799 767.07282902075394304, 831.69144302242420963 770.35449913528145771, 814.84752853876852896 761.17987575671327249, 789.38872163783935321 740.80079354888562193, 774.17553373008604467 774.12468068018188205, 781.67273712903715932 790.18118888486515061, 791.86835373579151565 806.18745794874712374, 775.74486001003947422 810.08677707062679474, 760.43449296249832514 785.43121944686799907, 748.63271334742307772 779.54904339876839003, 735.93964009607088883 774.38666630690158854, 724.17953067452106097 771.00648497330303144, 709.31313846120156086 769.93359364380921761, 712.40755336321126379 760.72012525501531854, 746.10339166142466638 765.0902275964135697, 758.14172836322461535 758.67699862267045319, 770.82401169186437073 739.09554811953898934, 780.84899931447830568 717.75221492337630025, 771.55419992269139584 692.19183373611872412, 753.84645257248826056 697.12184270876082337, 735.44916160316620335 699.71382117740677131, 717.78387790044052963 693.29434257310731482, 706.70553660468544876 678.20429095876056635))

707.709,843.823#725.328,782.787#814.051,777.753#1000,2000

5. 

Polygon ((625.60285412388361692 848.36828579784025806, 596.34076760988864407 823.55912549249683252, 603.97435539614821209 808.9280822354993461, 620.51379559971064737 811.47261149758583088, 631.32804496357823609 804.47515602684779878, 633.23644191014318494 788.5718481388072405, 613.51634012897261528 763.12655551794205167, 610.33567855136459457 720.50569037799289163, 638.3255004343161545 698.24105933473595087, 668.85985157935442658 691.8797361795195684, 691.12448262261136733 700.14945628130078603, 698.12193809334928574 717.32502880038475723, 689.21608567604641848 739.58965984364169799, 702.57486430200071936 756.12910004720413326, 734.3814800780820633 751.04004152303116371, 741.3789355488199817 724.32248427112267564, 765.551963538641985 717.32502880038475723, 782.7275360577259562 724.95861658664432525, 792.90565310607189531 757.40136467824743249, 785.9081976353339769 781.57439266806920841, 766.18809585416352093 791.11637740089372528, 728.0201569228659082 786.02731887672064204, 736.92600934016866177 805.7474206578912117, 768.09649280072835609 826.73978707010485323, 797.99471163024497855 821.65072854593176999, 801.81150552337476256 838.82630106501574119, 759.82677269894725214 845.18762422023212366, 752.82931722820933373 860.45479979275114601, 747.10412638851471456 878.26650462735676683, 731.20081850047404259 886.53622472913798447, 715.29751061243325694 878.90263694287841645, 718.47817219004139133 864.90772600140257964, 735.65374470912536253 837.55403643397255564, 719.11430450556304095 825.467522439061554, 708.30005514169533853 810.20034686654253164, 702.57486430200071936 790.48024508537207566, 672.04051315696244728 794.29703897850185967, 676.4934393656139946 810.20034686654253164, 675.22117473457069536 829.92044864771310131, 655.5010729534001257 850.91281505992685652, 625.60285412388361692 848.36828579784025806))
Polygon ((706.70553660468544876 678.20429095876056635, 707.01292790704860636 670.55041367985040779, 709.60827545294705487 664.44461890553407102, 714.26057379424082683 658.57928610521935298, 725.00787080502414028 649.68326754334066209, 739.03582089360338614 642.04406131037194427, 766.40832508741391393 633.80762860441359408, 794.68321414780643863 626.1420051436441554, 809.91912333364246024 628.30923061171438349, 824.53011422889949245 642.57192193123285051, 826.05050035276190101 660.68601420567802052, 815.15041278239073108 679.33450087900723702, 796.99764382460853085 685.18765912119067707, 808.02377513813564747 714.89963107817834498, 826.28528942405046109 734.38130536065818887, 844.95501619525600745 733.6663519357948644, 854.99991537960602273 741.57738137626654407, 856.10034301207963381 752.35428782721305652, 847.22899691343786799 767.07282902075394304, 831.69144302242420963 770.35449913528145771, 814.84752853876852896 761.17987575671327249, 789.38872163783935321 740.80079354888562193, 774.17553373008604467 774.12468068018188205, 781.67273712903715932 790.18118888486515061, 791.86835373579151565 806.18745794874712374, 775.74486001003947422 810.08677707062679474, 760.43449296249832514 785.43121944686799907, 748.63271334742307772 779.54904339876839003, 735.93964009607088883 774.38666630690158854, 724.17953067452106097 771.00648497330303144, 709.31313846120156086 769.93359364380921761, 712.40755336321126379 760.72012525501531854, 746.10339166142466638 765.0902275964135697, 758.14172836322461535 758.67699862267045319, 770.82401169186437073 739.09554811953898934, 780.84899931447830568 717.75221492337630025, 771.55419992269139584 692.19183373611872412, 753.84645257248826056 697.12184270876082337, 735.44916160316620335 699.71382117740677131, 717.78387790044052963 693.29434257310731482, 706.70553660468544876 678.204290

765.599,896.680#720.294,747.549#832.299,607.228#1000,2000

6.

Polygon ((625.60285412388361692 848.36828579784025806, 596.34076760988864407 823.55912549249683252, 603.97435539614821209 808.9280822354993461, 620.51379559971064737 811.47261149758583088, 631.32804496357823609 804.47515602684779878, 633.23644191014318494 788.5718481388072405, 613.51634012897261528 763.12655551794205167, 610.33567855136459457 720.50569037799289163, 638.3255004343161545 698.24105933473595087, 668.85985157935442658 691.8797361795195684, 691.12448262261136733 700.14945628130078603, 698.12193809334928574 717.32502880038475723, 689.21608567604641848 739.58965984364169799, 702.57486430200071936 756.12910004720413326, 734.3814800780820633 751.04004152303116371, 741.3789355488199817 724.32248427112267564, 765.551963538641985 717.32502880038475723, 782.7275360577259562 724.95861658664432525, 792.90565310607189531 757.40136467824743249, 785.9081976353339769 781.57439266806920841, 766.18809585416352093 791.11637740089372528, 728.0201569228659082 786.02731887672064204, 736.92600934016866177 805.7474206578912117, 768.09649280072835609 826.73978707010485323, 797.99471163024497855 821.65072854593176999, 801.81150552337476256 838.82630106501574119, 759.82677269894725214 845.18762422023212366, 752.82931722820933373 860.45479979275114601, 747.10412638851471456 878.26650462735676683, 731.20081850047404259 886.53622472913798447, 715.29751061243325694 878.90263694287841645, 718.47817219004139133 864.90772600140257964, 735.65374470912536253 837.55403643397255564, 719.11430450556304095 825.467522439061554, 708.30005514169533853 810.20034686654253164, 702.57486430200071936 790.48024508537207566, 672.04051315696244728 794.29703897850185967, 676.4934393656139946 810.20034686654253164, 675.22117473457069536 829.92044864771310131, 655.5010729534001257 850.91281505992685652, 625.60285412388361692 848.36828579784025806))
Polygon ((706.70553660468544876 678.20429095876056635, 707.01292790704860636 670.55041367985040779, 709.60827545294705487 664.44461890553407102, 714.26057379424082683 658.57928610521935298, 725.00787080502414028 649.68326754334066209, 739.03582089360338614 642.04406131037194427, 766.40832508741391393 633.80762860441359408, 794.68321414780643863 626.1420051436441554, 809.91912333364246024 628.30923061171438349, 824.53011422889949245 642.57192193123285051, 826.05050035276190101 660.68601420567802052, 815.15041278239073108 679.33450087900723702, 796.99764382460853085 685.18765912119067707, 808.02377513813564747 714.89963107817834498, 826.28528942405046109 734.38130536065818887, 844.95501619525600745 733.6663519357948644, 854.99991537960602273 741.57738137626654407, 856.10034301207963381 752.35428782721305652, 847.22899691343786799 767.07282902075394304, 831.69144302242420963 770.35449913528145771, 814.84752853876852896 761.17987575671327249, 789.38872163783935321 740.80079354888562193, 774.17553373008604467 774.12468068018188205, 781.67273712903715932 790.18118888486515061, 791.86835373579151565 806.18745794874712374, 775.74486001003947422 810.08677707062679474, 760.43449296249832514 785.43121944686799907, 748.63271334742307772 779.54904339876839003, 735.93964009607088883 774.38666630690158854, 724.17953067452106097 771.00648497330303144, 709.31313846120156086 769.93359364380921761, 712.40755336321126379 760.72012525501531854, 746.10339166142466638 765.0902275964135697, 758.14172836322461535 758.67699862267045319, 770.82401169186437073 739.09554811953898934, 780.84899931447830568 717.75221492337630025, 771.55419992269139584 692.19183373611872412, 753.84645257248826056 697.12184270876082337, 735.44916160316620335 699.71382117740677131, 717.78387790044052963 693.29434257310731482, 706.70553660468544876 678.204290

765.599,896.680#766.228,760.134#607.030,683.366#1000,2000

7. D

Polygon ((625.60285412388361692 848.36828579784025806, 596.34076760988864407 823.55912549249683252, 603.97435539614821209 808.9280822354993461, 620.51379559971064737 811.47261149758583088, 631.32804496357823609 804.47515602684779878, 633.23644191014318494 788.5718481388072405, 613.51634012897261528 763.12655551794205167, 610.33567855136459457 720.50569037799289163, 638.3255004343161545 698.24105933473595087, 668.85985157935442658 691.8797361795195684, 691.12448262261136733 700.14945628130078603, 698.12193809334928574 717.32502880038475723, 689.21608567604641848 739.58965984364169799, 702.57486430200071936 756.12910004720413326, 734.3814800780820633 751.04004152303116371, 741.3789355488199817 724.32248427112267564, 765.551963538641985 717.32502880038475723, 782.7275360577259562 724.95861658664432525, 792.90565310607189531 757.40136467824743249, 785.9081976353339769 781.57439266806920841, 766.18809585416352093 791.11637740089372528, 728.0201569228659082 786.02731887672064204, 736.92600934016866177 805.7474206578912117, 768.09649280072835609 826.73978707010485323, 797.99471163024497855 821.65072854593176999, 801.81150552337476256 838.82630106501574119, 759.82677269894725214 845.18762422023212366, 752.82931722820933373 860.45479979275114601, 747.10412638851471456 878.26650462735676683, 731.20081850047404259 886.53622472913798447, 715.29751061243325694 878.90263694287841645, 718.47817219004139133 864.90772600140257964, 735.65374470912536253 837.55403643397255564, 719.11430450556304095 825.467522439061554, 708.30005514169533853 810.20034686654253164, 702.57486430200071936 790.48024508537207566, 672.04051315696244728 794.29703897850185967, 676.4934393656139946 810.20034686654253164, 675.22117473457069536 829.92044864771310131, 655.5010729534001257 850.91281505992685652, 625.60285412388361692 848.36828579784025806))
Polygon ((706.70553660468544876 678.20429095876056635, 707.01292790704860636 670.55041367985040779, 709.60827545294705487 664.44461890553407102, 714.26057379424082683 658.57928610521935298, 725.00787080502414028 649.68326754334066209, 739.03582089360338614 642.04406131037194427, 766.40832508741391393 633.80762860441359408, 794.68321414780643863 626.1420051436441554, 809.91912333364246024 628.30923061171438349, 824.53011422889949245 642.57192193123285051, 826.05050035276190101 660.68601420567802052, 815.15041278239073108 679.33450087900723702, 796.99764382460853085 685.18765912119067707, 808.02377513813564747 714.89963107817834498, 826.28528942405046109 734.38130536065818887, 844.95501619525600745 733.6663519357948644, 854.99991537960602273 741.57738137626654407, 856.10034301207963381 752.35428782721305652, 847.22899691343786799 767.07282902075394304, 831.69144302242420963 770.35449913528145771, 814.84752853876852896 761.17987575671327249, 789.38872163783935321 740.80079354888562193, 774.17553373008604467 774.12468068018188205, 781.67273712903715932 790.18118888486515061, 791.86835373579151565 806.18745794874712374, 775.74486001003947422 810.08677707062679474, 760.43449296249832514 785.43121944686799907, 748.63271334742307772 779.54904339876839003, 735.93964009607088883 774.38666630690158854, 724.17953067452106097 771.00648497330303144, 709.31313846120156086 769.93359364380921761, 712.40755336321126379 760.72012525501531854, 746.10339166142466638 765.0902275964135697, 758.14172836322461535 758.67699862267045319, 770.82401169186437073 739.09554811953898934, 780.84899931447830568 717.75221492337630025, 771.55419992269139584 692.19183373611872412, 753.84645257248826056 697.12184270876082337, 735.44916160316620335 699.71382117740677131, 717.78387790044052963 693.29434257310731482, 706.70553660468544876 678.204290

765.599,896.680#672.471,804.810#712.743,635.544#1000,2000

8. 3 intersection intervals, len(MR) = 850 vertices

POLYGON ((-29.42 212.44, 17.20 287.43, 34.41 298.82, 51.61 221.98, 98.21 203.83, 144.81 92.32, 191.42 194.15, 235.33 216.73, 323.15 142.19, 387.49 134.29, 419.66 300.22, 567.66 307.79, 597.81 182.35, 627.96 164.08, 658.11 199.24, 714.58 311.40, 742.81 232.82, 762.26 327.99, 801.16 330.77, 824.96 257.81, 848.77 256.33, 872.57 331.43, 954.05 177.93, 1013.00 200.81, 1042.47 302.44, 1078.37 361.84, 1150.16 294.82, 1170.23 337.87, 1210.37 230.46, 1253.70 321.73, 1297.03 188.93, 1340.35 325.29, 1466.21 186.59, 1604.85 176.78, 1751.08 301.96, 1795.67 230.26, 1884.86 277.87, 1922.49 240.58, 1997.74 206.38, 2015.86 180.14, 2033.98 263.40, 2052.10 308.77, 2196.98 227.49, 2237.98 312.79, 2319.96 356.17, 2350.31 292.22, 2380.66 249.28, 2411.01 216.29, 2455.40 341.12, 2544.18 287.95, 2593.50 176.83, 2642.82 184.41, 2692.14 276.05, 2718.08 275.26, 2769.96 281.54, 2839.24 244.27, 2873.88 220.17, 2892.42 286.40, 2910.96 310.27, 2929.50 273.09, 2976.02 247.09, 3022.53 198.87, 3069.05 101.41, 3159.36 113.55, 3236.47 113.81, 3278.18 65.26, 3319.89 195.02, 3361.61 219.01, 3449.42 78.44, 3493.33 82.48, 3524.40 135.68, 3555.47 222.40, 3586.55 215.18, 3637.44 170.28, 3662.88 203.31, 3748.62 155.93, 3791.85 182.05, 3878.31 195.15, 3922.87 172.60, 3967.42 86.46, 4011.98 171.47, 4130.14 127.08, 4205.47 143.17, 4243.13 87.17, 4297.62 115.06, 4322.95 223.00, 4373.62 94.19, 4406.30 86.17, 4438.98 82.32, 4471.67 263.36, 4617.87 219.95, 4737.95 189.84, 4785.58 272.02, 4833.21 246.66, 4880.83 295.24, 4937.38 147.37, 4965.65 196.90, 4984.81 123.51, 5023.12 233.56, 5053.17 220.47, 5113.25 277.95, 5160.10 253.55, 5253.80 157.13, 5338.70 97.81, 5359.01 71.52, 5379.33 206.18, 5399.64 81.68, 5451.55 81.97, 5477.51 287.15, 5503.75 241.05, 5529.99 102.33, 5556.23 217.23, 5575.97 124.37, 5615.44 109.91, 5644.63 129.37, 5673.82 169.82, 5703.01 299.95, 5750.25 163.37, 5844.73 296.80, 5972.19 110.44, 6095.99 81.16, 6174.11 104.65, 6213.18 156.80, 6271.86 112.84, 6301.21 209.93, 6392.13 260.84, 6419.06 211.76, 6472.92 256.19, 6516.05 112.62, 6537.61 62.95, 6603.50 208.43, 6620.60 24.48, 6637.70 46.99, 6654.81 181.41, 6698.31 149.20, 6741.81 10.49, 6785.31 41.70, 6803.16 53.00, 6821.00 9.80, 6838.85 157.73, 6872.89 40.43, 6940.98 19.24, 6988.21 71.78, 7035.43 196.87, 7082.65 140.15, 7164.01 22.65, 7204.68 20.68, 7319.05 59.96, 7381.38 176.11, 7412.55 59.94, 7436.78 171.10, 7461.01 138.81, 7485.24 174.23, 7518.77 113.98, 7585.82 201.46, 7612.22 206.16, 7665.02 139.60, 7717.42 93.36, 7753.39 152.03, 7789.36 187.50, 7825.33 192.78, 7863.59 69.12, 7882.72 163.00, 7912.78 114.33, 7942.83 238.98, 7972.89 295.53, 8067.59 137.82, 8114.94 229.80, 8158.60 175.10, 8180.42 208.77, 8229.89 139.87, 8328.82 180.89, 8375.31 271.96, 8468.29 129.79, 8524.39 87.01, 8552.44 168.46, 8586.13 159.49, 8602.98 238.67, 8637.13 80.45, 8671.29 90.91, 8705.44 206.73, 8736.28 187.97, 8767.12 135.85, 8797.97 210.79, 8824.33 137.02, 8850.69 250.41, 8877.06 123.71, 8973.16 248.83, 9020.74 223.73, 9068.32 32.78, 9115.91 147.68, 9218.97 227.69, 9322.12 95.86, 9449.62 64.70, 9489.60 26.82, 9509.59 50.20, 9604.37 231.01, 9631.59 123.33, 9686.04 236.14, 9733.76 183.66, 9781.49 215.66, 9829.22 185.08, 9858.96 203.05, 9888.69 80.47, 9918.42 69.80, 9962.55 189.82, 10050.81 233.34, 10079.34 156.30, 10136.42 127.20, 10214.48 228.09, 10290.94 106.78, 10372.26 178.16, 10437.30 148.34, 10469.81 184.57, 10568.55 214.22, 10617.91 271.13, 10696.45 256.79, 10744.27 164.47, 10792.09 276.44, 10839.91 247.89, 10868.17 265.52, 10924.71 238.31, 11002.24 181.80, 11026.58 152.38, 11075.25 219.15, 11224.63 161.72, 11286.29 217.98, 11329.40 165.79, 11350.95 91.76, 11388.22 164.03, 11462.76 154.01, 11525.77 76.53, 11638.09 287.64, 11733.10 256.60, 11824.50 232.73, 11893.39 200.44, 11927.84 143.76, 11975.98 221.29, 12024.12 259.12, 12072.27 182.69, 12130.15 307.41, 12178.69 260.05, 12275.78 138.24, 12306.89 113.15, 12338.00 225.48, 12369.11 147.07, 12432.17 261.66, 12463.70 201.31, 12481.32 267.17, 12498.93 231.43, 12516.55 159.49, 12615.12 221.71, 12707.53 135.17, 12753.74 230.59, 12874.06 181.60, 12904.15 63.84, 12934.23 35.96, 12964.32 193.16, 13007.82 59.29, 13094.84 97.58, 13143.14 150.78, 13167.29 198.45, 13261.75 66.35, 13356.15 71.81, 13389.06 35.12, 13454.90 122.36, 13482.78 68.19, 13510.67 149.66, 13538.56 121.14, 13562.02 159.88, 13608.94 157.99, 13699.52 111.22, 13744.81 60.19, 13770.06 80.92, 13820.57 132.36, 13878.82 69.91, 13907.94 108.06, 13983.43 172.60, 14018.72 140.43, 14089.30 138.06, 14160.86 130.78, 14206.21 81.85, 14228.89 75.11, 14331.26 166.54, 14408.42 142.49, 14447.00 41.47, 14486.04 99.15, 14564.14 103.00, 14581.40 117.38, 14615.92 132.94, 14660.63 190.95, 14705.34 108.35, 14750.04 202.06, 14808.34 72.35, 14837.49 166.34, 14872.06 31.72, 14889.35 172.21, 14917.34 105.90, 14945.33 70.12, 14973.33 143.27, 15113.51 69.88, 15156.13 27.71, 15198.74 166.60, 15241.36 63.95, 15287.86 97.64, 15334.36 118.70, 15380.86 128.44, 15426.93 69.11, 15519.07 67.16, 15539.87 143.16, 15581.48 112.88, 15622.13 169.87, 15703.42 111.55, 15746.65 161.66, 15789.87 160.78, 15833.10 58.13, 15873.56 161.81, 15954.48 64.61, 15989.24 63.82, 16006.62 137.02, 16037.85 130.83, 16069.08 107.88, 16100.31 52.40, 16122.55 60.60, 16144.79 94.89, 16167.03 46.10, 16215.18 215.01, 16311.48 70.25, 16389.73 119.79, 16428.86 150.81, 16448.18 83.79, 16467.49 164.75, 16486.81 133.00, 16589.45 47.57, 16626.01 46.95, 16644.29 143.31, 16706.59 123.44, 16737.74 67.06, 16812.44 140.39, 16839.41 163.89, 16893.34 222.58, 16966.91 237.91, 17009.60 114.27, 17052.29 60.39, 17094.98 90.39, 17160.18 275.61, 17199.13 83.12, 17277.03 263.97, 17369.35 128.89, 17415.51 210.10, 17478.67 293.65, 17549.63 187.14, 17585.11 144.70, 17638.94 209.41, 17665.86 209.54, 17784.29 152.24, 17889.70 105.74, 17917.31 150.46, 17944.93 221.96, 17972.55 164.38, 18043.04 152.56, 18078.29 119.74, 18135.42 275.59, 18218.79 303.49, 18252.98 145.14, 18270.08 218.73, 18310.88 333.27, 18392.48 214.02, 18413.55 338.60, 18434.62 300.02, 18455.69 305.55, 18481.78 334.18, 18507.86 342.76, 18533.95 352.28, 18575.93 318.64, 18617.92 288.74, 18659.90 340.63, 18755.48 357.51, 18803.27 393.56, 18843.00 427.94, 18882.72 403.07, 18922.45 311.55, 19026.96 360.53, 19063.99 446.98, 19101.03 417.58, 19138.06 356.24, 19194.56 463.72, 19222.80 426.86, 19321.74 458.01, 19371.21 286.26, 19435.45 364.88, 19467.56 457.23, 19491.95 309.93, 19540.72 396.74, 19653.33 346.86, 19673.89 450.01, 19694.46 350.71, 19715.03 302.04, 19743.06 247.88, 19771.09 426.81, 19799.12 362.73, 19844.22 351.84, 19866.77 376.95, 19974.69 447.38, 20020.83 286.88, 20113.12 282.81, 20132.82 424.06, 20172.22 336.94, 20226.92 410.48, 20290.11 382.76, 20321.71 350.44, 20408.40 331.66, 20451.74 388.33, 20573.39 367.61, 20603.33 325.57, 20633.27 356.91, 20663.21 337.78, 20763.37 247.08, 20832.75 197.39, 21121.90 124.76, 20982.19 -61.58, 20798.06 -116.86, 20763.37 -168.47, 20729.98 -52.33, 20696.60 -203.07, 20663.21 -186.00, 20573.39 -30.02, 20532.84 -165.95, 20492.29 -22.60, 20451.74 -129.49, 20365.05 -86.09, 20321.71 -65.88, 20258.52 -154.37, 20226.92 -114.82, 20208.69 -20.49, 20190.45 -3.53, 20172.22 -105.46, 20152.52 -7.74, 20113.12 0.25, 20066.98 -125.77, 19974.69 -123.17, 19938.72 -110.93, 19902.75 -39.58, 19866.77 -104.22, 19821.67 -73.71, 19799.12 -11.04, 19715.03 -31.87, 19653.33 -123.30, 19615.79 25.12, 19578.26 -163.96, 19540.72 -41.95, 19516.33 7.66, 19467.56 26.66, 19403.33 -25.80, 19371.21 -36.82, 19272.27 9.40, 19222.80 33.66, 19166.31 8.51, 19138.06 33.31, 19026.96 -82.10, 18992.12 48.43, 18957.28 -40.73, 18922.45 40.00, 18803.27 23.34, 18707.69 15.39, 18659.90 -117.22, 18533.95 -104.93, 18455.69 -168.17, 18392.48 -219.45, 18351.68 -74.65, 18270.08 -222.31, 18235.88 -226.63, 18218.79 -141.56, 18191.00 -237.54, 18163.21 -266.47, 18135.42 -281.64, 18116.38 -114.92, 18097.34 -263.10, 18078.29 -239.75, 18007.80 -195.22, 17972.55 -186.69, 17889.70 -140.29, 17854.56 -125.94, 17819.42 -191.78, 17784.29 -309.11, 17744.81 -295.21, 17705.33 -209.14, 17665.86 -148.11, 17612.02 -258.86, 17585.11 -317.77, 17514.15 -248.24, 17478.67 -139.16, 17457.62 -124.29, 17436.56 -144.63, 17415.51 -187.00, 17323.19 -197.04, 17277.03 -136.90, 17238.08 -256.25, 17160.18 -297.68, 17138.45 -176.57, 17116.72 -215.57, 17094.98 -247.58, 16966.91 -327.14, 16942.39 -247.00, 16917.87 -259.58, 16893.34 -281.40, 16866.37 -349.49, 16812.44 -338.01, 16787.54 -331.35, 16762.64 -250.83, 16737.74 -297.81, 16675.44 -372.37, 16644.29 -283.73, 16607.73 -268.10, 16589.45 -298.79, 16555.24 -257.67, 16521.03 -220.99, 16486.81 -272.02, 16428.86 -252.74, 16350.61 -246.61, 16311.48 -240.61, 16263.33 -208.95, 16167.03 -349.02, 16100.31 -366.25, 16006.62 -218.04, 15971.86 -203.03, 15954.48 -309.36, 15914.02 -218.47, 15833.10 -375.99, 15703.42 -299.29, 15662.77 -426.94, 15581.48 -299.60, 15560.68 -324.35, 15519.07 -417.93, 15473.00 -295.77, 15380.86 -228.80, 15241.36 -305.93, 15113.51 -301.64, 15066.78 -359.88, 15020.06 -249.78, 14973.33 -280.32, 14889.35 -348.51, 14854.78 -320.13, 14837.49 -279.75, 14779.19 -361.91, 14750.04 -342.89, 14615.92 -227.53, 14598.66 -361.67, 14564.14 -227.34, 14525.09 -220.23, 14447.00 -277.92, 14369.84 -309.73, 14331.26 -323.70, 14297.14 -331.23, 14263.01 -216.72, 14228.89 -306.79, 14183.54 -276.96, 14160.86 -399.22, 14137.01 -230.28, 14113.16 -276.62, 14089.30 -321.90, 14054.01 -204.90, 13983.43 -354.91, 13958.26 -263.69, 13933.10 -211.75, 13907.94 -247.47, 13849.70 -414.12, 13820.57 -423.30, 13795.32 -335.49, 13744.81 -282.66, 13654.23 -267.05, 13608.94 -245.68, 13585.48 -237.18, 13538.56 -324.89, 13454.90 -228.26, 13421.98 -331.02, 13356.15 -278.75, 13324.68 -375.62, 13293.22 -359.74, 13261.75 -358.22, 13230.27 -353.48, 13198.78 -169.63, 13167.29 -280.16, 13118.99 -324.02, 13094.84 -312.68, 13051.33 -218.48, 12964.32 -385.06, 12874.06 -233.73, 12833.96 -315.06, 12793.85 -325.01, 12753.74 -250.98, 12661.33 -239.50, 12615.12 -177.09, 12582.26 -181.68, 12549.41 -240.73, 12516.55 -128.93, 12463.70 -318.56, 12400.64 -218.12, 12369.11 -244.16, 12275.78 -106.73, 12227.24 -95.46, 12130.15 -157.39, 12110.85 -256.63, 12091.56 -158.36, 12072.27 -206.47, 11927.84 -196.30, 11858.95 -139.87, 11824.50 -291.28, 11794.04 -311.14, 11763.57 -261.35, 11733.10 -316.75, 11701.43 -173.08, 11669.76 -139.34, 11638.09 -291.45, 11600.65 -289.67, 11563.21 -235.16, 11525.77 -152.98, 11504.77 -202.06, 11483.77 -178.54, 11462.76 -275.00, 11425.49 -325.85, 11350.95 -225.22, 11307.84 -290.65, 11286.29 -311.51, 11265.74 -329.51, 11245.18 -224.58, 11224.63 -184.14, 11174.84 -301.54, 11125.04 -255.87, 11075.25 -199.20, 11050.92 -305.18, 11002.24 -292.23, 10976.40 -174.95, 10950.56 -126.38, 10924.71 -125.61, 10896.44 -253.25, 10839.91 -136.31, 10696.45 -135.55, 10670.27 -229.40, 10644.09 -163.99, 10617.91 -269.10, 10519.18 -162.93, 10469.81 -192.65, 10404.78 -133.03, 10372.26 -123.31, 10345.16 -252.58, 10318.05 -301.38, 10290.94 -335.07, 10265.45 -325.03, 10239.97 -203.19, 10214.48 -186.23, 10188.46 -163.58, 10162.44 -342.45, 10136.42 -352.51, 10107.88 -183.70, 10050.81 -175.92, 10006.68 -179.25, 9918.42 -279.74, 9829.22 -280.74, 9686.04 -294.19, 9658.81 -208.63, 9604.37 -175.35, 9572.77 -252.10, 9541.18 -307.69, 9509.59 -187.62, 9469.61 -255.87, 9449.62 -356.34, 9407.12 -235.16, 9364.62 -182.34, 9322.12 -279.40, 9287.74 -218.25, 9253.35 -305.83, 9218.97 -338.13, 9184.62 -279.00, 9150.26 -284.47, 9115.91 -225.35, 8973.16 -345.91, 8941.12 -311.13, 8909.09 -257.95, 8877.06 -163.12, 8797.97 -301.10, 8705.44 -331.67, 8602.98 -328.96, 8569.29 -212.51, 8552.44 -251.70, 8496.34 -251.93, 8468.29 -264.59, 8421.80 -126.09, 8328.82 -258.43, 8279.36 -283.14, 8180.42 -158.14, 8136.77 -287.97, 8114.94 -115.36, 8020.24 -235.31, 7972.89 -227.80, 7882.72 -304.81, 7844.46 -339.15, 7825.33 -228.28, 7717.42 -252.27, 7699.96 -292.39, 7682.49 -177.48, 7665.02 -336.74, 7638.62 -227.55, 7585.82 -268.51, 7552.30 -193.07, 7485.24 -360.59, 7412.55 -317.34, 7350.22 -287.26, 7319.05 -296.47, 7280.93 -223.25, 7242.81 -224.58, 7204.68 -356.86, 7123.33 -220.51, 7082.65 -288.60, 6940.98 -303.01, 6906.94 -399.38, 6838.85 -220.44, 6785.31 -268.78, 6654.81 -296.00, 6603.50 -202.92, 6581.53 -331.36, 6559.57 -273.68, 6537.61 -213.73, 6494.49 -266.12, 6472.92 -186.21, 6445.99 -154.46, 6392.13 -136.71, 6361.82 -189.72, 6331.51 -263.37, 6301.21 -286.15, 6242.52 -301.34, 6213.18 -190.00, 6135.05 -323.08, 6095.99 -154.64, 6054.72 -249.85, 6013.45 -227.89, 5972.19 -217.40, 5929.70 -233.19, 5887.22 -182.62, 5844.73 -231.60, 5797.49 -237.34, 5703.01 -309.08, 5615.44 -243.66, 5595.71 -294.11, 5556.23 -189.11, 5477.51 -241.76, 5425.60 -228.72, 5399.64 -150.21, 5338.70 -193.63, 5310.40 -340.39, 5282.10 -214.98, 5253.80 -275.76, 5206.95 -214.89, 5113.25 -302.15, 5083.21 -124.65, 5023.12 -296.92, 5003.96 -259.77, 4965.65 -209.27, 4909.10 -255.40, 4880.83 -261.77, 4737.95 -306.46, 4697.92 -288.31, 4657.90 -312.02, 4617.87 -248.40, 4569.14 -279.86, 4520.40 -281.20, 4471.67 -176.00, 4373.62 -183.58, 4348.29 -232.31, 4297.62 -180.32, 4279.46 -265.88, 4261.29 -186.81, 4243.13 -169.84, 4167.80 -169.83, 4130.14 -180.81, 4090.75 -144.17, 4051.36 -253.44, 4011.98 -160.00, 3878.31 -194.88, 3835.08 -229.28, 3748.62 -346.10, 3720.04 -317.45, 3691.46 -294.93, 3662.88 -346.58, 3611.99 -256.70, 3586.55 -216.01, 3493.33 -374.62, 3405.51 -152.36, 3361.61 -359.93, 3236.47 -321.74, 3210.77 -252.68, 3185.06 -291.97, 3159.36 -297.70, 3129.25 -173.83, 3099.15 -255.86, 3069.05 -263.91, 2929.50 -174.31, 2873.88 -280.01, 2804.60 -264.58, 2769.96 -71.91, 2744.02 -150.13, 2692.14 -72.07, 2544.18 -203.82, 2499.79 -144.96, 2411.01 -122.95, 2319.96 -237.70, 2278.97 -232.95, 2196.98 -78.65, 2148.69 -214.62, 2100.39 -207.50, 2052.10 -231.17, 1997.74 -228.65, 1960.11 -128.19, 1884.86 -201.39, 1840.26 -117.72, 1751.08 -188.53, 1702.33 -235.82, 1653.59 -63.17, 1604.85 -73.79, 1558.63 -91.32, 1512.42 -196.39, 1466.21 -214.71, 1424.26 -190.51, 1382.31 -141.63, 1340.35 -127.48, 1210.37 -259.20, 1190.30 -213.70, 1150.16 -64.57, 1114.26 -74.73, 1042.47 -117.91, 983.53 -56.23, 954.05 -250.94, 926.89 -114.78, 899.73 -188.77, 872.57 -115.31, 801.16 -172.03, 781.71 -83.65, 742.81 -163.26, 686.34 -165.82, 658.11 -247.72, 567.66 -208.46, 518.32 -146.06, 468.99 -100.66, 419.66 -189.29, 355.32 -174.93, 323.15 -289.90, 279.24 -231.08, 191.42 -291.89, 51.61 -186.08, -87.40 -245.18, -29.42 212.44))'
POLYGON ((-11.20 67.39, 17.20 82.22, 34.41 107.42, 51.61 66.80, 98.21 47.30, 144.81 23.28, 191.42 62.71, 235.33 61.16, 323.15 51.89, 387.49 56.63, 419.66 122.98, 567.66 130.54, 597.81 95.76, 627.96 82.10, 658.11 103.23, 714.58 131.77, 742.81 117.09, 762.26 114.83, 801.16 160.10, 824.96 123.17, 848.77 112.09, 872.57 145.11, 954.05 95.57, 1013.00 111.39, 1042.47 148.24, 1078.37 167.17, 1150.16 153.17, 1170.23 153.46, 1210.37 118.52, 1253.70 129.77, 1297.03 90.38, 1340.35 147.27, 1466.21 83.18, 1604.85 101.46, 1751.08 154.05, 1795.67 128.91, 1884.86 142.52, 1922.49 111.63, 1997.74 97.12, 2015.86 80.67, 2033.98 125.17, 2052.10 119.24, 2196.98 120.22, 2237.98 162.78, 2319.96 185.12, 2350.31 161.69, 2380.66 136.51, 2411.01 130.17, 2455.40 156.37, 2544.18 147.06, 2593.50 105.12, 2642.82 109.62, 2692.14 139.16, 2718.08 123.18, 2769.96 132.54, 2839.24 106.22, 2873.88 99.55, 2892.42 93.11, 2910.96 104.21, 2929.50 93.17, 2976.02 79.62, 3022.53 54.47, 3069.05 28.24, 3159.36 17.39, 3236.47 6.70, 3278.18 -15.08, 3319.89 23.98, 3361.61 54.44, 3449.42 -3.56, 3493.33 -11.43, 3524.40 -8.09, 3555.47 42.01, 3586.55 19.33, 3637.44 22.53, 3662.88 40.20, 3748.62 13.57, 3791.85 19.22, 3878.31 50.70, 3922.87 36.47, 3967.42 2.56, 4011.98 47.48, 4130.14 30.55, 4205.47 34.57, 4243.13 14.44, 4297.62 13.67, 4322.95 49.09, 4373.62 14.75, 4406.30 17.69, 4438.98 17.57, 4471.67 82.79, 4617.87 64.14, 4737.95 55.03, 4785.58 108.90, 4833.21 83.21, 4880.83 100.64, 4937.38 25.62, 4965.65 64.40, 4984.81 45.45, 5023.12 72.68, 5053.17 48.43, 5113.25 88.86, 5160.10 66.16, 5253.80 28.33, 5338.70 5.32, 5359.01 -2.55, 5379.33 39.26, 5399.64 20.03, 5451.55 8.78, 5477.51 95.82, 5503.75 86.71, 5529.99 32.80, 5556.23 82.06, 5575.97 30.66, 5615.44 43.97, 5644.63 44.31, 5673.82 63.16, 5703.01 90.89, 5750.25 45.91, 5844.73 98.82, 5972.19 34.62, 6095.99 10.61, 6174.11 20.62, 6213.18 37.86, 6271.86 24.66, 6301.21 67.42, 6392.13 90.92, 6419.06 46.04, 6472.92 63.32, 6516.05 -3.49, 6537.61 -4.42, 6603.50 29.39, 6620.60 -41.79, 6637.70 -42.61, 6654.81 5.25, 6698.31 -20.25, 6741.81 -64.75, 6785.31 -51.32, 6803.16 -43.80, 6821.00 -63.66, 6838.85 -5.50, 6872.89 -54.97, 6940.98 -56.37, 6988.21 -40.48, 7035.43 10.33, 7082.65 -10.41, 7164.01 -62.79, 7204.68 -57.34, 7319.05 -23.53, 7381.38 4.81, 7412.55 -27.04, 7436.78 8.98, 7461.01 -11.22, 7485.24 21.62, 7518.77 -18.37, 7585.82 29.20, 7612.22 35.62, 7665.02 17.37, 7717.42 10.65, 7753.39 28.41, 7789.36 54.64, 7825.33 40.61, 7863.59 -3.85, 7882.72 55.55, 7912.78 19.24, 7942.83 62.94, 7972.89 100.12, 8067.59 50.70, 8114.94 88.58, 8158.60 69.61, 8180.42 89.24, 8229.89 39.37, 8328.82 57.77, 8375.31 84.58, 8468.29 32.51, 8524.39 11.29, 8552.44 27.89, 8586.13 26.40, 8602.98 56.91, 8637.13 -20.18, 8671.29 -17.38, 8705.44 18.49, 8736.28 24.27, 8767.12 6.91, 8797.97 59.15, 8824.33 28.86, 8850.69 65.58, 8877.06 13.77, 8973.16 44.94, 9020.74 14.15, 9068.32 -38.30, 9115.91 5.50, 9218.97 46.80, 9322.12 -10.16, 9449.62 -20.46, 9489.60 -49.84, 9509.59 -25.12, 9604.37 57.98, 9631.59 14.84, 9686.04 65.13, 9733.76 19.57, 9781.49 37.59, 9829.22 23.64, 9858.96 31.63, 9888.69 -22.74, 9918.42 -17.22, 9962.55 37.74, 10050.81 40.43, 10079.34 15.24, 10136.42 11.33, 10214.48 37.37, 10290.94 23.48, 10372.26 56.13, 10437.30 49.28, 10469.81 67.87, 10568.55 73.82, 10617.91 104.78, 10696.45 82.25, 10744.27 57.69, 10792.09 100.18, 10839.91 87.76, 10868.17 68.31, 10924.71 75.13, 11002.24 66.50, 11026.58 32.68, 11075.25 53.97, 11224.63 24.69, 11286.29 44.41, 11329.40 22.34, 11350.95 11.75, 11388.22 23.32, 11462.76 26.74, 11525.77 7.40, 11638.09 84.90, 11733.10 65.18, 11824.50 71.84, 11893.39 66.55, 11927.84 54.70, 11975.98 94.26, 12024.12 93.38, 12072.27 71.33, 12130.15 113.47, 12178.69 98.18, 12275.78 53.82, 12306.89 31.11, 12338.00 71.47, 12369.11 45.29, 12432.17 72.67, 12463.70 60.16, 12481.32 95.79, 12498.93 71.38, 12516.55 56.02, 12615.12 46.84, 12707.53 13.94, 12753.74 56.42, 12874.06 19.65, 12904.15 -37.43, 12934.23 -43.78, 12964.32 23.79, 13007.82 -21.43, 13094.84 5.05, 13143.14 17.69, 13167.29 18.17, 13261.75 -18.91, 13356.15 -29.12, 13389.06 -64.55, 13454.90 -8.15, 13482.78 -45.84, 13510.67 -13.73, 13538.56 -4.03, 13562.02 2.57, 13608.94 -4.94, 13699.52 -31.27, 13744.81 -49.46, 13770.06 -54.88, 13820.57 -36.44, 13878.82 -55.38, 13907.94 -43.89, 13983.43 3.25, 14018.72 -17.62, 14089.30 -23.61, 14160.86 -28.87, 14206.21 -54.78, 14228.89 -43.22, 14331.26 -9.46, 14408.42 -34.28, 14447.00 -54.37, 14486.04 -32.52, 14564.14 -16.60, 14581.40 -16.66, 14615.92 3.82, 14660.63 8.66, 14705.34 -5.81, 14750.04 30.18, 14808.34 -33.75, 14837.49 -8.22, 14872.06 -56.31, 14889.35 -13.66, 14917.34 -52.83, 14945.33 -66.82, 14973.33 -17.76, 15113.51 -40.80, 15156.13 -49.71, 15198.74 0.78, 15241.36 -46.48, 15287.86 -27.10, 15334.36 -31.12, 15380.86 -28.33, 15426.93 -66.55, 15519.07 -63.29, 15539.87 -49.33, 15581.48 -49.54, 15622.13 -27.33, 15703.42 -30.68, 15746.65 -27.29, 15789.87 -4.38, 15833.10 -32.26, 15873.56 -6.09, 15954.48 -21.98, 15989.24 -24.02, 16006.62 8.66, 16037.85 13.31, 16069.08 1.92, 16100.31 -19.16, 16122.55 -15.17, 16144.79 -14.26, 16167.03 -20.86, 16215.18 50.78, 16311.48 -15.67, 16389.73 2.49, 16428.86 6.96, 16448.18 -30.26, 16467.49 -0.24, 16486.81 -4.26, 16589.45 -19.64, 16626.01 -22.23, 16644.29 11.40, 16706.59 -10.44, 16737.74 -20.10, 16812.44 3.45, 16839.41 -7.13, 16893.34 26.65, 16966.91 48.19, 17009.60 -10.06, 17052.29 -15.53, 17094.98 2.56, 17160.18 73.46, 17199.13 15.18, 17277.03 88.44, 17369.35 37.61, 17415.51 66.71, 17478.67 102.50, 17549.63 60.00, 17585.11 50.12, 17638.94 68.30, 17665.86 81.24, 17784.29 54.01, 17889.70 39.34, 17917.31 51.76, 17944.93 81.10, 17972.55 61.45, 18043.04 34.63, 18078.29 49.03, 18135.42 110.79, 18218.79 132.65, 18252.98 70.60, 18270.08 108.51, 18310.88 144.43, 18392.48 118.51, 18413.55 153.29, 18434.62 155.21, 18455.69 169.94, 18481.78 168.10, 18507.86 185.30, 18533.95 186.69, 18575.93 190.23, 18617.92 178.76, 18659.90 202.14, 18755.48 217.77, 18803.27 231.03, 18843.00 242.28, 18882.72 235.11, 18922.45 222.52, 19026.96 234.92, 19063.99 268.87, 19101.03 246.34, 19138.06 227.91, 19194.56 268.61, 19222.80 264.07, 19321.74 255.34, 19371.21 199.11, 19435.45 212.10, 19467.56 264.40, 19491.95 211.92, 19540.72 229.29, 19653.33 218.84, 19673.89 273.27, 19694.46 223.54, 19715.03 210.44, 19743.06 178.72, 19771.09 232.18, 19799.12 220.56, 19844.22 210.43, 19866.77 230.85, 19974.69 239.37, 20020.83 193.31, 20113.12 193.76, 20132.82 241.63, 20172.22 213.84, 20226.92 236.04, 20290.11 231.38, 20321.71 205.53, 20408.40 198.57, 20451.74 211.80, 20573.39 186.26, 20603.33 167.69, 20633.27 178.66, 20663.21 181.98, 20763.37 136.93, 20832.75 121.36, 20964.68 96.90, 20906.62 26.23, 20798.06 26.83, 20763.37 -28.22, 20729.98 23.53, 20696.60 -21.33, 20663.21 -10.88, 20573.39 47.47, 20532.84 21.63, 20492.29 62.42, 20451.74 24.03, 20365.05 54.98, 20321.71 55.32, 20258.52 43.54, 20226.92 49.77, 20208.69 87.17, 20190.45 101.55, 20172.22 52.01, 20152.52 82.85, 20113.12 89.36, 20066.98 66.39, 19974.69 35.79, 19938.72 40.45, 19902.75 73.78, 19866.77 36.52, 19821.67 85.16, 19799.12 86.43, 19715.03 80.80, 19653.33 48.77, 19615.79 99.21, 19578.26 40.95, 19540.72 73.94, 19516.33 107.69, 19467.56 104.78, 19403.33 75.44, 19371.21 79.34, 19272.27 115.57, 19222.80 123.85, 19166.31 111.86, 19138.06 115.23, 19026.96 80.93, 18992.12 131.08, 18957.28 99.61, 18922.45 109.49, 18803.27 100.91, 18707.69 90.82, 18659.90 24.63, 18533.95 15.30, 18455.69 -14.43, 18392.48 -47.11, 18351.68 7.81, 18270.08 -58.33, 18235.88 -54.59, 18218.79 -24.19, 18191.00 -65.91, 18163.21 -78.77, 18135.42 -96.82, 18116.38 -32.70, 18097.34 -86.28, 18078.29 -93.95, 18007.80 -74.66, 17972.55 -72.36, 17889.70 -57.79, 17854.56 -54.61, 17819.42 -79.50, 17784.29 -106.26, 17744.81 -96.82, 17705.33 -72.05, 17665.86 -57.12, 17612.02 -91.69, 17585.11 -122.77, 17514.15 -70.33, 17478.67 -63.49, 17457.62 -61.38, 17436.56 -62.00, 17415.51 -88.36, 17323.19 -75.21, 17277.03 -57.40, 17238.08 -102.20, 17160.18 -127.37, 17138.45 -86.74, 17116.72 -95.64, 17094.98 -121.85, 16966.91 -159.95, 16942.39 -134.48, 16917.87 -131.81, 16893.34 -155.89, 16866.37 -165.72, 16812.44 -163.03, 16787.54 -150.70, 16762.64 -118.04, 16737.74 -155.29, 16675.44 -184.03, 16644.29 -143.53, 16607.73 -132.60, 16589.45 -153.23, 16555.24 -136.98, 16521.03 -121.34, 16486.81 -165.00, 16428.86 -142.42, 16350.61 -122.46, 16311.48 -122.85, 16263.33 -99.13, 16167.03 -162.61, 16100.31 -173.28, 16006.62 -121.46, 15971.86 -114.17, 15954.48 -163.00, 15914.02 -124.32, 15833.10 -198.96, 15703.42 -195.64, 15662.77 -232.09, 15581.48 -194.21, 15560.68 -213.69, 15519.07 -253.33, 15473.00 -196.86, 15380.86 -157.63, 15241.36 -174.24, 15113.51 -178.36, 15066.78 -196.76, 15020.06 -167.31, 14973.33 -183.25, 14889.35 -212.23, 14854.78 -190.27, 14837.49 -176.66, 14779.19 -170.59, 14750.04 -176.06, 14615.92 -140.80, 14598.66 -185.22, 14564.14 -146.72, 14525.09 -148.86, 14447.00 -179.29, 14369.84 -182.25, 14331.26 -190.02, 14297.14 -183.19, 14263.01 -142.30, 14228.89 -181.62, 14183.54 -171.95, 14160.86 -240.08, 14137.01 -154.29, 14113.16 -167.66, 14089.30 -184.42, 14054.01 -132.62, 13983.43 -199.03, 13958.26 -159.89, 13933.10 -147.51, 13907.94 -176.85, 13849.70 -238.56, 13820.57 -215.33, 13795.32 -200.98, 13744.81 -164.69, 13654.23 -159.02, 13608.94 -155.02, 13585.48 -136.97, 13538.56 -167.92, 13454.90 -150.43, 13421.98 -177.69, 13356.15 -176.51, 13324.68 -197.75, 13293.22 -179.58, 13261.75 -166.28, 13230.27 -165.69, 13198.78 -99.25, 13167.29 -135.21, 13118.99 -142.25, 13094.84 -138.89, 13051.33 -115.54, 12964.32 -214.21, 12874.06 -134.02, 12833.96 -157.33, 12793.85 -156.37, 12753.74 -133.73, 12661.33 -118.15, 12615.12 -92.93, 12582.26 -76.82, 12549.41 -109.47, 12516.55 -58.85, 12463.70 -130.17, 12400.64 -89.62, 12369.11 -98.15, 12275.78 -35.72, 12227.24 -32.28, 12130.15 -59.44, 12110.85 -86.60, 12091.56 -56.57, 12072.27 -75.66, 11927.84 -80.27, 11858.95 -54.48, 11824.50 -120.32, 11794.04 -124.43, 11763.57 -118.27, 11733.10 -139.99, 11701.43 -77.33, 11669.76 -62.03, 11638.09 -111.31, 11600.65 -127.35, 11563.21 -105.89, 11525.77 -89.75, 11504.77 -99.87, 11483.77 -95.42, 11462.76 -127.63, 11425.49 -122.19, 11350.95 -102.97, 11307.84 -117.11, 11286.29 -138.91, 11265.74 -144.98, 11245.18 -113.95, 11224.63 -102.62, 11174.84 -127.94, 11125.04 -106.77, 11075.25 -90.72, 11050.92 -135.52, 11002.24 -111.85, 10976.40 -56.41, 10950.56 -37.75, 10924.71 -55.11, 10896.44 -86.54, 10839.91 -64.03, 10696.45 -56.36, 10670.27 -76.89, 10644.09 -66.47, 10617.91 -97.19, 10519.18 -37.52, 10469.81 -65.22, 10404.78 -50.90, 10372.26 -56.13, 10345.16 -110.14, 10318.05 -114.42, 10290.94 -141.40, 10265.45 -128.86, 10239.97 -104.93, 10214.48 -95.04, 10188.46 -96.80, 10162.44 -139.19, 10136.42 -168.22, 10107.88 -116.78, 10050.81 -101.82, 10006.68 -92.24, 9918.42 -142.26, 9829.22 -149.20, 9686.04 -137.55, 9658.81 -98.21, 9604.37 -100.62, 9572.77 -140.53, 9541.18 -149.25, 9509.59 -128.97, 9469.61 -136.14, 9449.62 -178.73, 9407.12 -128.67, 9364.62 -99.49, 9322.12 -140.98, 9287.74 -128.60, 9253.35 -138.91, 9218.97 -152.41, 9184.62 -136.11, 9150.26 -133.20, 9115.91 -120.17, 8973.16 -174.78, 8941.12 -151.25, 8909.09 -115.89, 8877.06 -94.60, 8797.97 -143.30, 8705.44 -150.95, 8602.98 -160.03, 8569.29 -101.43, 8552.44 -124.72, 8496.34 -106.84, 8468.29 -105.88, 8421.80 -64.49, 8328.82 -105.30, 8279.36 -93.54, 8180.42 -55.91, 8136.77 -100.57, 8114.94 -43.35, 8020.24 -84.94, 7972.89 -98.13, 7882.72 -148.62, 7844.46 -153.90, 7825.33 -110.57, 7717.42 -120.42, 7699.96 -119.09, 7682.49 -87.99, 7665.02 -161.69, 7638.62 -114.30, 7585.82 -147.98, 7552.30 -121.27, 7485.24 -179.21, 7412.55 -171.76, 7350.22 -159.95, 7319.05 -168.38, 7280.93 -149.95, 7242.81 -136.56, 7204.68 -190.77, 7123.33 -143.32, 7082.65 -179.05, 6940.98 -175.40, 6906.94 -210.25, 6838.85 -152.03, 6785.31 -156.66, 6654.81 -160.25, 6603.50 -126.54, 6581.53 -151.68, 6559.57 -147.20, 6537.61 -111.79, 6494.49 -142.76, 6472.92 -98.40, 6445.99 -72.63, 6392.13 -65.77, 6361.82 -67.77, 6331.51 -88.68, 6301.21 -115.01, 6242.52 -112.31, 6213.18 -84.89, 6135.05 -136.35, 6095.99 -76.39, 6054.72 -97.12, 6013.45 -96.92, 5972.19 -83.67, 5929.70 -78.38, 5887.22 -63.20, 5844.73 -102.61, 5797.49 -82.08, 5703.01 -118.83, 5615.44 -99.51, 5595.71 -116.94, 5556.23 -73.74, 5477.51 -102.90, 5425.60 -94.37, 5399.64 -82.56, 5338.70 -105.10, 5310.40 -146.84, 5282.10 -107.05, 5253.80 -126.93, 5206.95 -98.31, 5113.25 -126.59, 5083.21 -59.19, 5023.12 -115.85, 5003.96 -84.42, 4965.65 -88.33, 4909.10 -113.51, 4880.83 -105.00, 4737.95 -117.19, 4697.92 -124.73, 4657.90 -113.87, 4617.87 -90.48, 4569.14 -103.85, 4520.40 -94.36, 4471.67 -73.01, 4373.62 -81.49, 4348.29 -108.37, 4297.62 -94.33, 4279.46 -123.42, 4261.29 -94.79, 4243.13 -91.56, 4167.80 -81.76, 4130.14 -82.32, 4090.75 -54.91, 4051.36 -93.43, 4011.98 -80.90, 3878.31 -103.98, 3835.08 -116.15, 3748.62 -166.08, 3720.04 -170.95, 3691.46 -162.53, 3662.88 -163.76, 3611.99 -127.43, 3586.55 -127.89, 3493.33 -184.48, 3405.51 -85.90, 3361.61 -160.89, 3236.47 -153.96, 3210.77 -110.58, 3185.06 -114.93, 3159.36 -123.88, 3129.25 -82.23, 3099.15 -100.98, 3069.05 -105.33, 2929.50 -72.91, 2873.88 -81.59, 2804.60 -72.24, 2769.96 -0.46, 2744.02 -25.41, 2692.14 10.89, 2544.18 -28.10, 2499.79 -4.35, 2411.01 1.23, 2319.96 -62.06, 2278.97 -47.56, 2196.98 9.24, 2148.69 -32.32, 2100.39 -52.60, 2052.10 -46.06, 1997.74 -65.95, 1960.11 -12.40, 1884.86 -43.95, 1840.26 3.35, 1751.08 -36.78, 1702.33 -46.00, 1653.59 19.06, 1604.85 -0.03, 1558.63 -0.56, 1512.42 -46.75, 1466.21 -60.52, 1424.26 -55.27, 1382.31 -37.25, 1340.35 -33.74, 1210.37 -57.99, 1190.30 -42.89, 1150.16 16.74, 1114.26 23.53, 1042.47 3.79, 983.53 20.67, 954.05 -70.49, 926.89 -23.05, 899.73 -46.40, 872.57 -8.63, 801.16 -29.59, 781.71 -2.31, 742.81 -33.61, 686.34 -27.54, 658.11 -61.29, 567.66 -53.58, 518.32 -34.01, 468.99 -13.60, 419.66 -70.72, 355.32 -65.56, 323.15 -93.44, 279.24 -84.63, 191.42 -121.87, 51.61 -77.45, -29.93 -94.19, -11.20 67.39))'

959.406,310.225#1540.827,142.846#2404.150,242.896#1000,2000

9. 5 intersection intervals, len(MR) = 850 vertices

POLYGON ((-29.42 212.44, 17.20 287.43, 34.41 298.82, 51.61 221.98, 98.21 203.83, 144.81 92.32, 191.42 194.15, 235.33 216.73, 323.15 142.19, 387.49 134.29, 419.66 300.22, 567.66 307.79, 597.81 182.35, 627.96 164.08, 658.11 199.24, 714.58 311.40, 742.81 232.82, 762.26 327.99, 801.16 330.77, 824.96 257.81, 848.77 256.33, 872.57 331.43, 954.05 177.93, 1013.00 200.81, 1042.47 302.44, 1078.37 361.84, 1150.16 294.82, 1170.23 337.87, 1210.37 230.46, 1253.70 321.73, 1297.03 188.93, 1340.35 325.29, 1466.21 186.59, 1604.85 176.78, 1751.08 301.96, 1795.67 230.26, 1884.86 277.87, 1922.49 240.58, 1997.74 206.38, 2015.86 180.14, 2033.98 263.40, 2052.10 308.77, 2196.98 227.49, 2237.98 312.79, 2319.96 356.17, 2350.31 292.22, 2380.66 249.28, 2411.01 216.29, 2455.40 341.12, 2544.18 287.95, 2593.50 176.83, 2642.82 184.41, 2692.14 276.05, 2718.08 275.26, 2769.96 281.54, 2839.24 244.27, 2873.88 220.17, 2892.42 286.40, 2910.96 310.27, 2929.50 273.09, 2976.02 247.09, 3022.53 198.87, 3069.05 101.41, 3159.36 113.55, 3236.47 113.81, 3278.18 65.26, 3319.89 195.02, 3361.61 219.01, 3449.42 78.44, 3493.33 82.48, 3524.40 135.68, 3555.47 222.40, 3586.55 215.18, 3637.44 170.28, 3662.88 203.31, 3748.62 155.93, 3791.85 182.05, 3878.31 195.15, 3922.87 172.60, 3967.42 86.46, 4011.98 171.47, 4130.14 127.08, 4205.47 143.17, 4243.13 87.17, 4297.62 115.06, 4322.95 223.00, 4373.62 94.19, 4406.30 86.17, 4438.98 82.32, 4471.67 263.36, 4617.87 219.95, 4737.95 189.84, 4785.58 272.02, 4833.21 246.66, 4880.83 295.24, 4937.38 147.37, 4965.65 196.90, 4984.81 123.51, 5023.12 233.56, 5053.17 220.47, 5113.25 277.95, 5160.10 253.55, 5253.80 157.13, 5338.70 97.81, 5359.01 71.52, 5379.33 206.18, 5399.64 81.68, 5451.55 81.97, 5477.51 287.15, 5503.75 241.05, 5529.99 102.33, 5556.23 217.23, 5575.97 124.37, 5615.44 109.91, 5644.63 129.37, 5673.82 169.82, 5703.01 299.95, 5750.25 163.37, 5844.73 296.80, 5972.19 110.44, 6095.99 81.16, 6174.11 104.65, 6213.18 156.80, 6271.86 112.84, 6301.21 209.93, 6392.13 260.84, 6419.06 211.76, 6472.92 256.19, 6516.05 112.62, 6537.61 62.95, 6603.50 208.43, 6620.60 24.48, 6637.70 46.99, 6654.81 181.41, 6698.31 149.20, 6741.81 10.49, 6785.31 41.70, 6803.16 53.00, 6821.00 9.80, 6838.85 157.73, 6872.89 40.43, 6940.98 19.24, 6988.21 71.78, 7035.43 196.87, 7082.65 140.15, 7164.01 22.65, 7204.68 20.68, 7319.05 59.96, 7381.38 176.11, 7412.55 59.94, 7436.78 171.10, 7461.01 138.81, 7485.24 174.23, 7518.77 113.98, 7585.82 201.46, 7612.22 206.16, 7665.02 139.60, 7717.42 93.36, 7753.39 152.03, 7789.36 187.50, 7825.33 192.78, 7863.59 69.12, 7882.72 163.00, 7912.78 114.33, 7942.83 238.98, 7972.89 295.53, 8067.59 137.82, 8114.94 229.80, 8158.60 175.10, 8180.42 208.77, 8229.89 139.87, 8328.82 180.89, 8375.31 271.96, 8468.29 129.79, 8524.39 87.01, 8552.44 168.46, 8586.13 159.49, 8602.98 238.67, 8637.13 80.45, 8671.29 90.91, 8705.44 206.73, 8736.28 187.97, 8767.12 135.85, 8797.97 210.79, 8824.33 137.02, 8850.69 250.41, 8877.06 123.71, 8973.16 248.83, 9020.74 223.73, 9068.32 32.78, 9115.91 147.68, 9218.97 227.69, 9322.12 95.86, 9449.62 64.70, 9489.60 26.82, 9509.59 50.20, 9604.37 231.01, 9631.59 123.33, 9686.04 236.14, 9733.76 183.66, 9781.49 215.66, 9829.22 185.08, 9858.96 203.05, 9888.69 80.47, 9918.42 69.80, 9962.55 189.82, 10050.81 233.34, 10079.34 156.30, 10136.42 127.20, 10214.48 228.09, 10290.94 106.78, 10372.26 178.16, 10437.30 148.34, 10469.81 184.57, 10568.55 214.22, 10617.91 271.13, 10696.45 256.79, 10744.27 164.47, 10792.09 276.44, 10839.91 247.89, 10868.17 265.52, 10924.71 238.31, 11002.24 181.80, 11026.58 152.38, 11075.25 219.15, 11224.63 161.72, 11286.29 217.98, 11329.40 165.79, 11350.95 91.76, 11388.22 164.03, 11462.76 154.01, 11525.77 76.53, 11638.09 287.64, 11733.10 256.60, 11824.50 232.73, 11893.39 200.44, 11927.84 143.76, 11975.98 221.29, 12024.12 259.12, 12072.27 182.69, 12130.15 307.41, 12178.69 260.05, 12275.78 138.24, 12306.89 113.15, 12338.00 225.48, 12369.11 147.07, 12432.17 261.66, 12463.70 201.31, 12481.32 267.17, 12498.93 231.43, 12516.55 159.49, 12615.12 221.71, 12707.53 135.17, 12753.74 230.59, 12874.06 181.60, 12904.15 63.84, 12934.23 35.96, 12964.32 193.16, 13007.82 59.29, 13094.84 97.58, 13143.14 150.78, 13167.29 198.45, 13261.75 66.35, 13356.15 71.81, 13389.06 35.12, 13454.90 122.36, 13482.78 68.19, 13510.67 149.66, 13538.56 121.14, 13562.02 159.88, 13608.94 157.99, 13699.52 111.22, 13744.81 60.19, 13770.06 80.92, 13820.57 132.36, 13878.82 69.91, 13907.94 108.06, 13983.43 172.60, 14018.72 140.43, 14089.30 138.06, 14160.86 130.78, 14206.21 81.85, 14228.89 75.11, 14331.26 166.54, 14408.42 142.49, 14447.00 41.47, 14486.04 99.15, 14564.14 103.00, 14581.40 117.38, 14615.92 132.94, 14660.63 190.95, 14705.34 108.35, 14750.04 202.06, 14808.34 72.35, 14837.49 166.34, 14872.06 31.72, 14889.35 172.21, 14917.34 105.90, 14945.33 70.12, 14973.33 143.27, 15113.51 69.88, 15156.13 27.71, 15198.74 166.60, 15241.36 63.95, 15287.86 97.64, 15334.36 118.70, 15380.86 128.44, 15426.93 69.11, 15519.07 67.16, 15539.87 143.16, 15581.48 112.88, 15622.13 169.87, 15703.42 111.55, 15746.65 161.66, 15789.87 160.78, 15833.10 58.13, 15873.56 161.81, 15954.48 64.61, 15989.24 63.82, 16006.62 137.02, 16037.85 130.83, 16069.08 107.88, 16100.31 52.40, 16122.55 60.60, 16144.79 94.89, 16167.03 46.10, 16215.18 215.01, 16311.48 70.25, 16389.73 119.79, 16428.86 150.81, 16448.18 83.79, 16467.49 164.75, 16486.81 133.00, 16589.45 47.57, 16626.01 46.95, 16644.29 143.31, 16706.59 123.44, 16737.74 67.06, 16812.44 140.39, 16839.41 163.89, 16893.34 222.58, 16966.91 237.91, 17009.60 114.27, 17052.29 60.39, 17094.98 90.39, 17160.18 275.61, 17199.13 83.12, 17277.03 263.97, 17369.35 128.89, 17415.51 210.10, 17478.67 293.65, 17549.63 187.14, 17585.11 144.70, 17638.94 209.41, 17665.86 209.54, 17784.29 152.24, 17889.70 105.74, 17917.31 150.46, 17944.93 221.96, 17972.55 164.38, 18043.04 152.56, 18078.29 119.74, 18135.42 275.59, 18218.79 303.49, 18252.98 145.14, 18270.08 218.73, 18310.88 333.27, 18392.48 214.02, 18413.55 338.60, 18434.62 300.02, 18455.69 305.55, 18481.78 334.18, 18507.86 342.76, 18533.95 352.28, 18575.93 318.64, 18617.92 288.74, 18659.90 340.63, 18755.48 357.51, 18803.27 393.56, 18843.00 427.94, 18882.72 403.07, 18922.45 311.55, 19026.96 360.53, 19063.99 446.98, 19101.03 417.58, 19138.06 356.24, 19194.56 463.72, 19222.80 426.86, 19321.74 458.01, 19371.21 286.26, 19435.45 364.88, 19467.56 457.23, 19491.95 309.93, 19540.72 396.74, 19653.33 346.86, 19673.89 450.01, 19694.46 350.71, 19715.03 302.04, 19743.06 247.88, 19771.09 426.81, 19799.12 362.73, 19844.22 351.84, 19866.77 376.95, 19974.69 447.38, 20020.83 286.88, 20113.12 282.81, 20132.82 424.06, 20172.22 336.94, 20226.92 410.48, 20290.11 382.76, 20321.71 350.44, 20408.40 331.66, 20451.74 388.33, 20573.39 367.61, 20603.33 325.57, 20633.27 356.91, 20663.21 337.78, 20763.37 247.08, 20832.75 197.39, 21121.90 124.76, 20982.19 -61.58, 20798.06 -116.86, 20763.37 -168.47, 20729.98 -52.33, 20696.60 -203.07, 20663.21 -186.00, 20573.39 -30.02, 20532.84 -165.95, 20492.29 -22.60, 20451.74 -129.49, 20365.05 -86.09, 20321.71 -65.88, 20258.52 -154.37, 20226.92 -114.82, 20208.69 -20.49, 20190.45 -3.53, 20172.22 -105.46, 20152.52 -7.74, 20113.12 0.25, 20066.98 -125.77, 19974.69 -123.17, 19938.72 -110.93, 19902.75 -39.58, 19866.77 -104.22, 19821.67 -73.71, 19799.12 -11.04, 19715.03 -31.87, 19653.33 -123.30, 19615.79 25.12, 19578.26 -163.96, 19540.72 -41.95, 19516.33 7.66, 19467.56 26.66, 19403.33 -25.80, 19371.21 -36.82, 19272.27 9.40, 19222.80 33.66, 19166.31 8.51, 19138.06 33.31, 19026.96 -82.10, 18992.12 48.43, 18957.28 -40.73, 18922.45 40.00, 18803.27 23.34, 18707.69 15.39, 18659.90 -117.22, 18533.95 -104.93, 18455.69 -168.17, 18392.48 -219.45, 18351.68 -74.65, 18270.08 -222.31, 18235.88 -226.63, 18218.79 -141.56, 18191.00 -237.54, 18163.21 -266.47, 18135.42 -281.64, 18116.38 -114.92, 18097.34 -263.10, 18078.29 -239.75, 18007.80 -195.22, 17972.55 -186.69, 17889.70 -140.29, 17854.56 -125.94, 17819.42 -191.78, 17784.29 -309.11, 17744.81 -295.21, 17705.33 -209.14, 17665.86 -148.11, 17612.02 -258.86, 17585.11 -317.77, 17514.15 -248.24, 17478.67 -139.16, 17457.62 -124.29, 17436.56 -144.63, 17415.51 -187.00, 17323.19 -197.04, 17277.03 -136.90, 17238.08 -256.25, 17160.18 -297.68, 17138.45 -176.57, 17116.72 -215.57, 17094.98 -247.58, 16966.91 -327.14, 16942.39 -247.00, 16917.87 -259.58, 16893.34 -281.40, 16866.37 -349.49, 16812.44 -338.01, 16787.54 -331.35, 16762.64 -250.83, 16737.74 -297.81, 16675.44 -372.37, 16644.29 -283.73, 16607.73 -268.10, 16589.45 -298.79, 16555.24 -257.67, 16521.03 -220.99, 16486.81 -272.02, 16428.86 -252.74, 16350.61 -246.61, 16311.48 -240.61, 16263.33 -208.95, 16167.03 -349.02, 16100.31 -366.25, 16006.62 -218.04, 15971.86 -203.03, 15954.48 -309.36, 15914.02 -218.47, 15833.10 -375.99, 15703.42 -299.29, 15662.77 -426.94, 15581.48 -299.60, 15560.68 -324.35, 15519.07 -417.93, 15473.00 -295.77, 15380.86 -228.80, 15241.36 -305.93, 15113.51 -301.64, 15066.78 -359.88, 15020.06 -249.78, 14973.33 -280.32, 14889.35 -348.51, 14854.78 -320.13, 14837.49 -279.75, 14779.19 -361.91, 14750.04 -342.89, 14615.92 -227.53, 14598.66 -361.67, 14564.14 -227.34, 14525.09 -220.23, 14447.00 -277.92, 14369.84 -309.73, 14331.26 -323.70, 14297.14 -331.23, 14263.01 -216.72, 14228.89 -306.79, 14183.54 -276.96, 14160.86 -399.22, 14137.01 -230.28, 14113.16 -276.62, 14089.30 -321.90, 14054.01 -204.90, 13983.43 -354.91, 13958.26 -263.69, 13933.10 -211.75, 13907.94 -247.47, 13849.70 -414.12, 13820.57 -423.30, 13795.32 -335.49, 13744.81 -282.66, 13654.23 -267.05, 13608.94 -245.68, 13585.48 -237.18, 13538.56 -324.89, 13454.90 -228.26, 13421.98 -331.02, 13356.15 -278.75, 13324.68 -375.62, 13293.22 -359.74, 13261.75 -358.22, 13230.27 -353.48, 13198.78 -169.63, 13167.29 -280.16, 13118.99 -324.02, 13094.84 -312.68, 13051.33 -218.48, 12964.32 -385.06, 12874.06 -233.73, 12833.96 -315.06, 12793.85 -325.01, 12753.74 -250.98, 12661.33 -239.50, 12615.12 -177.09, 12582.26 -181.68, 12549.41 -240.73, 12516.55 -128.93, 12463.70 -318.56, 12400.64 -218.12, 12369.11 -244.16, 12275.78 -106.73, 12227.24 -95.46, 12130.15 -157.39, 12110.85 -256.63, 12091.56 -158.36, 12072.27 -206.47, 11927.84 -196.30, 11858.95 -139.87, 11824.50 -291.28, 11794.04 -311.14, 11763.57 -261.35, 11733.10 -316.75, 11701.43 -173.08, 11669.76 -139.34, 11638.09 -291.45, 11600.65 -289.67, 11563.21 -235.16, 11525.77 -152.98, 11504.77 -202.06, 11483.77 -178.54, 11462.76 -275.00, 11425.49 -325.85, 11350.95 -225.22, 11307.84 -290.65, 11286.29 -311.51, 11265.74 -329.51, 11245.18 -224.58, 11224.63 -184.14, 11174.84 -301.54, 11125.04 -255.87, 11075.25 -199.20, 11050.92 -305.18, 11002.24 -292.23, 10976.40 -174.95, 10950.56 -126.38, 10924.71 -125.61, 10896.44 -253.25, 10839.91 -136.31, 10696.45 -135.55, 10670.27 -229.40, 10644.09 -163.99, 10617.91 -269.10, 10519.18 -162.93, 10469.81 -192.65, 10404.78 -133.03, 10372.26 -123.31, 10345.16 -252.58, 10318.05 -301.38, 10290.94 -335.07, 10265.45 -325.03, 10239.97 -203.19, 10214.48 -186.23, 10188.46 -163.58, 10162.44 -342.45, 10136.42 -352.51, 10107.88 -183.70, 10050.81 -175.92, 10006.68 -179.25, 9918.42 -279.74, 9829.22 -280.74, 9686.04 -294.19, 9658.81 -208.63, 9604.37 -175.35, 9572.77 -252.10, 9541.18 -307.69, 9509.59 -187.62, 9469.61 -255.87, 9449.62 -356.34, 9407.12 -235.16, 9364.62 -182.34, 9322.12 -279.40, 9287.74 -218.25, 9253.35 -305.83, 9218.97 -338.13, 9184.62 -279.00, 9150.26 -284.47, 9115.91 -225.35, 8973.16 -345.91, 8941.12 -311.13, 8909.09 -257.95, 8877.06 -163.12, 8797.97 -301.10, 8705.44 -331.67, 8602.98 -328.96, 8569.29 -212.51, 8552.44 -251.70, 8496.34 -251.93, 8468.29 -264.59, 8421.80 -126.09, 8328.82 -258.43, 8279.36 -283.14, 8180.42 -158.14, 8136.77 -287.97, 8114.94 -115.36, 8020.24 -235.31, 7972.89 -227.80, 7882.72 -304.81, 7844.46 -339.15, 7825.33 -228.28, 7717.42 -252.27, 7699.96 -292.39, 7682.49 -177.48, 7665.02 -336.74, 7638.62 -227.55, 7585.82 -268.51, 7552.30 -193.07, 7485.24 -360.59, 7412.55 -317.34, 7350.22 -287.26, 7319.05 -296.47, 7280.93 -223.25, 7242.81 -224.58, 7204.68 -356.86, 7123.33 -220.51, 7082.65 -288.60, 6940.98 -303.01, 6906.94 -399.38, 6838.85 -220.44, 6785.31 -268.78, 6654.81 -296.00, 6603.50 -202.92, 6581.53 -331.36, 6559.57 -273.68, 6537.61 -213.73, 6494.49 -266.12, 6472.92 -186.21, 6445.99 -154.46, 6392.13 -136.71, 6361.82 -189.72, 6331.51 -263.37, 6301.21 -286.15, 6242.52 -301.34, 6213.18 -190.00, 6135.05 -323.08, 6095.99 -154.64, 6054.72 -249.85, 6013.45 -227.89, 5972.19 -217.40, 5929.70 -233.19, 5887.22 -182.62, 5844.73 -231.60, 5797.49 -237.34, 5703.01 -309.08, 5615.44 -243.66, 5595.71 -294.11, 5556.23 -189.11, 5477.51 -241.76, 5425.60 -228.72, 5399.64 -150.21, 5338.70 -193.63, 5310.40 -340.39, 5282.10 -214.98, 5253.80 -275.76, 5206.95 -214.89, 5113.25 -302.15, 5083.21 -124.65, 5023.12 -296.92, 5003.96 -259.77, 4965.65 -209.27, 4909.10 -255.40, 4880.83 -261.77, 4737.95 -306.46, 4697.92 -288.31, 4657.90 -312.02, 4617.87 -248.40, 4569.14 -279.86, 4520.40 -281.20, 4471.67 -176.00, 4373.62 -183.58, 4348.29 -232.31, 4297.62 -180.32, 4279.46 -265.88, 4261.29 -186.81, 4243.13 -169.84, 4167.80 -169.83, 4130.14 -180.81, 4090.75 -144.17, 4051.36 -253.44, 4011.98 -160.00, 3878.31 -194.88, 3835.08 -229.28, 3748.62 -346.10, 3720.04 -317.45, 3691.46 -294.93, 3662.88 -346.58, 3611.99 -256.70, 3586.55 -216.01, 3493.33 -374.62, 3405.51 -152.36, 3361.61 -359.93, 3236.47 -321.74, 3210.77 -252.68, 3185.06 -291.97, 3159.36 -297.70, 3129.25 -173.83, 3099.15 -255.86, 3069.05 -263.91, 2929.50 -174.31, 2873.88 -280.01, 2804.60 -264.58, 2769.96 -71.91, 2744.02 -150.13, 2692.14 -72.07, 2544.18 -203.82, 2499.79 -144.96, 2411.01 -122.95, 2319.96 -237.70, 2278.97 -232.95, 2196.98 -78.65, 2148.69 -214.62, 2100.39 -207.50, 2052.10 -231.17, 1997.74 -228.65, 1960.11 -128.19, 1884.86 -201.39, 1840.26 -117.72, 1751.08 -188.53, 1702.33 -235.82, 1653.59 -63.17, 1604.85 -73.79, 1558.63 -91.32, 1512.42 -196.39, 1466.21 -214.71, 1424.26 -190.51, 1382.31 -141.63, 1340.35 -127.48, 1210.37 -259.20, 1190.30 -213.70, 1150.16 -64.57, 1114.26 -74.73, 1042.47 -117.91, 983.53 -56.23, 954.05 -250.94, 926.89 -114.78, 899.73 -188.77, 872.57 -115.31, 801.16 -172.03, 781.71 -83.65, 742.81 -163.26, 686.34 -165.82, 658.11 -247.72, 567.66 -208.46, 518.32 -146.06, 468.99 -100.66, 419.66 -189.29, 355.32 -174.93, 323.15 -289.90, 279.24 -231.08, 191.42 -291.89, 51.61 -186.08, -87.40 -245.18, -29.42 212.44))'
POLYGON ((-11.20 67.39, 17.20 82.22, 34.41 107.42, 51.61 66.80, 98.21 47.30, 144.81 23.28, 191.42 62.71, 235.33 61.16, 323.15 51.89, 387.49 56.63, 419.66 122.98, 567.66 130.54, 597.81 95.76, 627.96 82.10, 658.11 103.23, 714.58 131.77, 742.81 117.09, 762.26 114.83, 801.16 160.10, 824.96 123.17, 848.77 112.09, 872.57 145.11, 954.05 95.57, 1013.00 111.39, 1042.47 148.24, 1078.37 167.17, 1150.16 153.17, 1170.23 153.46, 1210.37 118.52, 1253.70 129.77, 1297.03 90.38, 1340.35 147.27, 1466.21 83.18, 1604.85 101.46, 1751.08 154.05, 1795.67 128.91, 1884.86 142.52, 1922.49 111.63, 1997.74 97.12, 2015.86 80.67, 2033.98 125.17, 2052.10 119.24, 2196.98 120.22, 2237.98 162.78, 2319.96 185.12, 2350.31 161.69, 2380.66 136.51, 2411.01 130.17, 2455.40 156.37, 2544.18 147.06, 2593.50 105.12, 2642.82 109.62, 2692.14 139.16, 2718.08 123.18, 2769.96 132.54, 2839.24 106.22, 2873.88 99.55, 2892.42 93.11, 2910.96 104.21, 2929.50 93.17, 2976.02 79.62, 3022.53 54.47, 3069.05 28.24, 3159.36 17.39, 3236.47 6.70, 3278.18 -15.08, 3319.89 23.98, 3361.61 54.44, 3449.42 -3.56, 3493.33 -11.43, 3524.40 -8.09, 3555.47 42.01, 3586.55 19.33, 3637.44 22.53, 3662.88 40.20, 3748.62 13.57, 3791.85 19.22, 3878.31 50.70, 3922.87 36.47, 3967.42 2.56, 4011.98 47.48, 4130.14 30.55, 4205.47 34.57, 4243.13 14.44, 4297.62 13.67, 4322.95 49.09, 4373.62 14.75, 4406.30 17.69, 4438.98 17.57, 4471.67 82.79, 4617.87 64.14, 4737.95 55.03, 4785.58 108.90, 4833.21 83.21, 4880.83 100.64, 4937.38 25.62, 4965.65 64.40, 4984.81 45.45, 5023.12 72.68, 5053.17 48.43, 5113.25 88.86, 5160.10 66.16, 5253.80 28.33, 5338.70 5.32, 5359.01 -2.55, 5379.33 39.26, 5399.64 20.03, 5451.55 8.78, 5477.51 95.82, 5503.75 86.71, 5529.99 32.80, 5556.23 82.06, 5575.97 30.66, 5615.44 43.97, 5644.63 44.31, 5673.82 63.16, 5703.01 90.89, 5750.25 45.91, 5844.73 98.82, 5972.19 34.62, 6095.99 10.61, 6174.11 20.62, 6213.18 37.86, 6271.86 24.66, 6301.21 67.42, 6392.13 90.92, 6419.06 46.04, 6472.92 63.32, 6516.05 -3.49, 6537.61 -4.42, 6603.50 29.39, 6620.60 -41.79, 6637.70 -42.61, 6654.81 5.25, 6698.31 -20.25, 6741.81 -64.75, 6785.31 -51.32, 6803.16 -43.80, 6821.00 -63.66, 6838.85 -5.50, 6872.89 -54.97, 6940.98 -56.37, 6988.21 -40.48, 7035.43 10.33, 7082.65 -10.41, 7164.01 -62.79, 7204.68 -57.34, 7319.05 -23.53, 7381.38 4.81, 7412.55 -27.04, 7436.78 8.98, 7461.01 -11.22, 7485.24 21.62, 7518.77 -18.37, 7585.82 29.20, 7612.22 35.62, 7665.02 17.37, 7717.42 10.65, 7753.39 28.41, 7789.36 54.64, 7825.33 40.61, 7863.59 -3.85, 7882.72 55.55, 7912.78 19.24, 7942.83 62.94, 7972.89 100.12, 8067.59 50.70, 8114.94 88.58, 8158.60 69.61, 8180.42 89.24, 8229.89 39.37, 8328.82 57.77, 8375.31 84.58, 8468.29 32.51, 8524.39 11.29, 8552.44 27.89, 8586.13 26.40, 8602.98 56.91, 8637.13 -20.18, 8671.29 -17.38, 8705.44 18.49, 8736.28 24.27, 8767.12 6.91, 8797.97 59.15, 8824.33 28.86, 8850.69 65.58, 8877.06 13.77, 8973.16 44.94, 9020.74 14.15, 9068.32 -38.30, 9115.91 5.50, 9218.97 46.80, 9322.12 -10.16, 9449.62 -20.46, 9489.60 -49.84, 9509.59 -25.12, 9604.37 57.98, 9631.59 14.84, 9686.04 65.13, 9733.76 19.57, 9781.49 37.59, 9829.22 23.64, 9858.96 31.63, 9888.69 -22.74, 9918.42 -17.22, 9962.55 37.74, 10050.81 40.43, 10079.34 15.24, 10136.42 11.33, 10214.48 37.37, 10290.94 23.48, 10372.26 56.13, 10437.30 49.28, 10469.81 67.87, 10568.55 73.82, 10617.91 104.78, 10696.45 82.25, 10744.27 57.69, 10792.09 100.18, 10839.91 87.76, 10868.17 68.31, 10924.71 75.13, 11002.24 66.50, 11026.58 32.68, 11075.25 53.97, 11224.63 24.69, 11286.29 44.41, 11329.40 22.34, 11350.95 11.75, 11388.22 23.32, 11462.76 26.74, 11525.77 7.40, 11638.09 84.90, 11733.10 65.18, 11824.50 71.84, 11893.39 66.55, 11927.84 54.70, 11975.98 94.26, 12024.12 93.38, 12072.27 71.33, 12130.15 113.47, 12178.69 98.18, 12275.78 53.82, 12306.89 31.11, 12338.00 71.47, 12369.11 45.29, 12432.17 72.67, 12463.70 60.16, 12481.32 95.79, 12498.93 71.38, 12516.55 56.02, 12615.12 46.84, 12707.53 13.94, 12753.74 56.42, 12874.06 19.65, 12904.15 -37.43, 12934.23 -43.78, 12964.32 23.79, 13007.82 -21.43, 13094.84 5.05, 13143.14 17.69, 13167.29 18.17, 13261.75 -18.91, 13356.15 -29.12, 13389.06 -64.55, 13454.90 -8.15, 13482.78 -45.84, 13510.67 -13.73, 13538.56 -4.03, 13562.02 2.57, 13608.94 -4.94, 13699.52 -31.27, 13744.81 -49.46, 13770.06 -54.88, 13820.57 -36.44, 13878.82 -55.38, 13907.94 -43.89, 13983.43 3.25, 14018.72 -17.62, 14089.30 -23.61, 14160.86 -28.87, 14206.21 -54.78, 14228.89 -43.22, 14331.26 -9.46, 14408.42 -34.28, 14447.00 -54.37, 14486.04 -32.52, 14564.14 -16.60, 14581.40 -16.66, 14615.92 3.82, 14660.63 8.66, 14705.34 -5.81, 14750.04 30.18, 14808.34 -33.75, 14837.49 -8.22, 14872.06 -56.31, 14889.35 -13.66, 14917.34 -52.83, 14945.33 -66.82, 14973.33 -17.76, 15113.51 -40.80, 15156.13 -49.71, 15198.74 0.78, 15241.36 -46.48, 15287.86 -27.10, 15334.36 -31.12, 15380.86 -28.33, 15426.93 -66.55, 15519.07 -63.29, 15539.87 -49.33, 15581.48 -49.54, 15622.13 -27.33, 15703.42 -30.68, 15746.65 -27.29, 15789.87 -4.38, 15833.10 -32.26, 15873.56 -6.09, 15954.48 -21.98, 15989.24 -24.02, 16006.62 8.66, 16037.85 13.31, 16069.08 1.92, 16100.31 -19.16, 16122.55 -15.17, 16144.79 -14.26, 16167.03 -20.86, 16215.18 50.78, 16311.48 -15.67, 16389.73 2.49, 16428.86 6.96, 16448.18 -30.26, 16467.49 -0.24, 16486.81 -4.26, 16589.45 -19.64, 16626.01 -22.23, 16644.29 11.40, 16706.59 -10.44, 16737.74 -20.10, 16812.44 3.45, 16839.41 -7.13, 16893.34 26.65, 16966.91 48.19, 17009.60 -10.06, 17052.29 -15.53, 17094.98 2.56, 17160.18 73.46, 17199.13 15.18, 17277.03 88.44, 17369.35 37.61, 17415.51 66.71, 17478.67 102.50, 17549.63 60.00, 17585.11 50.12, 17638.94 68.30, 17665.86 81.24, 17784.29 54.01, 17889.70 39.34, 17917.31 51.76, 17944.93 81.10, 17972.55 61.45, 18043.04 34.63, 18078.29 49.03, 18135.42 110.79, 18218.79 132.65, 18252.98 70.60, 18270.08 108.51, 18310.88 144.43, 18392.48 118.51, 18413.55 153.29, 18434.62 155.21, 18455.69 169.94, 18481.78 168.10, 18507.86 185.30, 18533.95 186.69, 18575.93 190.23, 18617.92 178.76, 18659.90 202.14, 18755.48 217.77, 18803.27 231.03, 18843.00 242.28, 18882.72 235.11, 18922.45 222.52, 19026.96 234.92, 19063.99 268.87, 19101.03 246.34, 19138.06 227.91, 19194.56 268.61, 19222.80 264.07, 19321.74 255.34, 19371.21 199.11, 19435.45 212.10, 19467.56 264.40, 19491.95 211.92, 19540.72 229.29, 19653.33 218.84, 19673.89 273.27, 19694.46 223.54, 19715.03 210.44, 19743.06 178.72, 19771.09 232.18, 19799.12 220.56, 19844.22 210.43, 19866.77 230.85, 19974.69 239.37, 20020.83 193.31, 20113.12 193.76, 20132.82 241.63, 20172.22 213.84, 20226.92 236.04, 20290.11 231.38, 20321.71 205.53, 20408.40 198.57, 20451.74 211.80, 20573.39 186.26, 20603.33 167.69, 20633.27 178.66, 20663.21 181.98, 20763.37 136.93, 20832.75 121.36, 20964.68 96.90, 20906.62 26.23, 20798.06 26.83, 20763.37 -28.22, 20729.98 23.53, 20696.60 -21.33, 20663.21 -10.88, 20573.39 47.47, 20532.84 21.63, 20492.29 62.42, 20451.74 24.03, 20365.05 54.98, 20321.71 55.32, 20258.52 43.54, 20226.92 49.77, 20208.69 87.17, 20190.45 101.55, 20172.22 52.01, 20152.52 82.85, 20113.12 89.36, 20066.98 66.39, 19974.69 35.79, 19938.72 40.45, 19902.75 73.78, 19866.77 36.52, 19821.67 85.16, 19799.12 86.43, 19715.03 80.80, 19653.33 48.77, 19615.79 99.21, 19578.26 40.95, 19540.72 73.94, 19516.33 107.69, 19467.56 104.78, 19403.33 75.44, 19371.21 79.34, 19272.27 115.57, 19222.80 123.85, 19166.31 111.86, 19138.06 115.23, 19026.96 80.93, 18992.12 131.08, 18957.28 99.61, 18922.45 109.49, 18803.27 100.91, 18707.69 90.82, 18659.90 24.63, 18533.95 15.30, 18455.69 -14.43, 18392.48 -47.11, 18351.68 7.81, 18270.08 -58.33, 18235.88 -54.59, 18218.79 -24.19, 18191.00 -65.91, 18163.21 -78.77, 18135.42 -96.82, 18116.38 -32.70, 18097.34 -86.28, 18078.29 -93.95, 18007.80 -74.66, 17972.55 -72.36, 17889.70 -57.79, 17854.56 -54.61, 17819.42 -79.50, 17784.29 -106.26, 17744.81 -96.82, 17705.33 -72.05, 17665.86 -57.12, 17612.02 -91.69, 17585.11 -122.77, 17514.15 -70.33, 17478.67 -63.49, 17457.62 -61.38, 17436.56 -62.00, 17415.51 -88.36, 17323.19 -75.21, 17277.03 -57.40, 17238.08 -102.20, 17160.18 -127.37, 17138.45 -86.74, 17116.72 -95.64, 17094.98 -121.85, 16966.91 -159.95, 16942.39 -134.48, 16917.87 -131.81, 16893.34 -155.89, 16866.37 -165.72, 16812.44 -163.03, 16787.54 -150.70, 16762.64 -118.04, 16737.74 -155.29, 16675.44 -184.03, 16644.29 -143.53, 16607.73 -132.60, 16589.45 -153.23, 16555.24 -136.98, 16521.03 -121.34, 16486.81 -165.00, 16428.86 -142.42, 16350.61 -122.46, 16311.48 -122.85, 16263.33 -99.13, 16167.03 -162.61, 16100.31 -173.28, 16006.62 -121.46, 15971.86 -114.17, 15954.48 -163.00, 15914.02 -124.32, 15833.10 -198.96, 15703.42 -195.64, 15662.77 -232.09, 15581.48 -194.21, 15560.68 -213.69, 15519.07 -253.33, 15473.00 -196.86, 15380.86 -157.63, 15241.36 -174.24, 15113.51 -178.36, 15066.78 -196.76, 15020.06 -167.31, 14973.33 -183.25, 14889.35 -212.23, 14854.78 -190.27, 14837.49 -176.66, 14779.19 -170.59, 14750.04 -176.06, 14615.92 -140.80, 14598.66 -185.22, 14564.14 -146.72, 14525.09 -148.86, 14447.00 -179.29, 14369.84 -182.25, 14331.26 -190.02, 14297.14 -183.19, 14263.01 -142.30, 14228.89 -181.62, 14183.54 -171.95, 14160.86 -240.08, 14137.01 -154.29, 14113.16 -167.66, 14089.30 -184.42, 14054.01 -132.62, 13983.43 -199.03, 13958.26 -159.89, 13933.10 -147.51, 13907.94 -176.85, 13849.70 -238.56, 13820.57 -215.33, 13795.32 -200.98, 13744.81 -164.69, 13654.23 -159.02, 13608.94 -155.02, 13585.48 -136.97, 13538.56 -167.92, 13454.90 -150.43, 13421.98 -177.69, 13356.15 -176.51, 13324.68 -197.75, 13293.22 -179.58, 13261.75 -166.28, 13230.27 -165.69, 13198.78 -99.25, 13167.29 -135.21, 13118.99 -142.25, 13094.84 -138.89, 13051.33 -115.54, 12964.32 -214.21, 12874.06 -134.02, 12833.96 -157.33, 12793.85 -156.37, 12753.74 -133.73, 12661.33 -118.15, 12615.12 -92.93, 12582.26 -76.82, 12549.41 -109.47, 12516.55 -58.85, 12463.70 -130.17, 12400.64 -89.62, 12369.11 -98.15, 12275.78 -35.72, 12227.24 -32.28, 12130.15 -59.44, 12110.85 -86.60, 12091.56 -56.57, 12072.27 -75.66, 11927.84 -80.27, 11858.95 -54.48, 11824.50 -120.32, 11794.04 -124.43, 11763.57 -118.27, 11733.10 -139.99, 11701.43 -77.33, 11669.76 -62.03, 11638.09 -111.31, 11600.65 -127.35, 11563.21 -105.89, 11525.77 -89.75, 11504.77 -99.87, 11483.77 -95.42, 11462.76 -127.63, 11425.49 -122.19, 11350.95 -102.97, 11307.84 -117.11, 11286.29 -138.91, 11265.74 -144.98, 11245.18 -113.95, 11224.63 -102.62, 11174.84 -127.94, 11125.04 -106.77, 11075.25 -90.72, 11050.92 -135.52, 11002.24 -111.85, 10976.40 -56.41, 10950.56 -37.75, 10924.71 -55.11, 10896.44 -86.54, 10839.91 -64.03, 10696.45 -56.36, 10670.27 -76.89, 10644.09 -66.47, 10617.91 -97.19, 10519.18 -37.52, 10469.81 -65.22, 10404.78 -50.90, 10372.26 -56.13, 10345.16 -110.14, 10318.05 -114.42, 10290.94 -141.40, 10265.45 -128.86, 10239.97 -104.93, 10214.48 -95.04, 10188.46 -96.80, 10162.44 -139.19, 10136.42 -168.22, 10107.88 -116.78, 10050.81 -101.82, 10006.68 -92.24, 9918.42 -142.26, 9829.22 -149.20, 9686.04 -137.55, 9658.81 -98.21, 9604.37 -100.62, 9572.77 -140.53, 9541.18 -149.25, 9509.59 -128.97, 9469.61 -136.14, 9449.62 -178.73, 9407.12 -128.67, 9364.62 -99.49, 9322.12 -140.98, 9287.74 -128.60, 9253.35 -138.91, 9218.97 -152.41, 9184.62 -136.11, 9150.26 -133.20, 9115.91 -120.17, 8973.16 -174.78, 8941.12 -151.25, 8909.09 -115.89, 8877.06 -94.60, 8797.97 -143.30, 8705.44 -150.95, 8602.98 -160.03, 8569.29 -101.43, 8552.44 -124.72, 8496.34 -106.84, 8468.29 -105.88, 8421.80 -64.49, 8328.82 -105.30, 8279.36 -93.54, 8180.42 -55.91, 8136.77 -100.57, 8114.94 -43.35, 8020.24 -84.94, 7972.89 -98.13, 7882.72 -148.62, 7844.46 -153.90, 7825.33 -110.57, 7717.42 -120.42, 7699.96 -119.09, 7682.49 -87.99, 7665.02 -161.69, 7638.62 -114.30, 7585.82 -147.98, 7552.30 -121.27, 7485.24 -179.21, 7412.55 -171.76, 7350.22 -159.95, 7319.05 -168.38, 7280.93 -149.95, 7242.81 -136.56, 7204.68 -190.77, 7123.33 -143.32, 7082.65 -179.05, 6940.98 -175.40, 6906.94 -210.25, 6838.85 -152.03, 6785.31 -156.66, 6654.81 -160.25, 6603.50 -126.54, 6581.53 -151.68, 6559.57 -147.20, 6537.61 -111.79, 6494.49 -142.76, 6472.92 -98.40, 6445.99 -72.63, 6392.13 -65.77, 6361.82 -67.77, 6331.51 -88.68, 6301.21 -115.01, 6242.52 -112.31, 6213.18 -84.89, 6135.05 -136.35, 6095.99 -76.39, 6054.72 -97.12, 6013.45 -96.92, 5972.19 -83.67, 5929.70 -78.38, 5887.22 -63.20, 5844.73 -102.61, 5797.49 -82.08, 5703.01 -118.83, 5615.44 -99.51, 5595.71 -116.94, 5556.23 -73.74, 5477.51 -102.90, 5425.60 -94.37, 5399.64 -82.56, 5338.70 -105.10, 5310.40 -146.84, 5282.10 -107.05, 5253.80 -126.93, 5206.95 -98.31, 5113.25 -126.59, 5083.21 -59.19, 5023.12 -115.85, 5003.96 -84.42, 4965.65 -88.33, 4909.10 -113.51, 4880.83 -105.00, 4737.95 -117.19, 4697.92 -124.73, 4657.90 -113.87, 4617.87 -90.48, 4569.14 -103.85, 4520.40 -94.36, 4471.67 -73.01, 4373.62 -81.49, 4348.29 -108.37, 4297.62 -94.33, 4279.46 -123.42, 4261.29 -94.79, 4243.13 -91.56, 4167.80 -81.76, 4130.14 -82.32, 4090.75 -54.91, 4051.36 -93.43, 4011.98 -80.90, 3878.31 -103.98, 3835.08 -116.15, 3748.62 -166.08, 3720.04 -170.95, 3691.46 -162.53, 3662.88 -163.76, 3611.99 -127.43, 3586.55 -127.89, 3493.33 -184.48, 3405.51 -85.90, 3361.61 -160.89, 3236.47 -153.96, 3210.77 -110.58, 3185.06 -114.93, 3159.36 -123.88, 3129.25 -82.23, 3099.15 -100.98, 3069.05 -105.33, 2929.50 -72.91, 2873.88 -81.59, 2804.60 -72.24, 2769.96 -0.46, 2744.02 -25.41, 2692.14 10.89, 2544.18 -28.10, 2499.79 -4.35, 2411.01 1.23, 2319.96 -62.06, 2278.97 -47.56, 2196.98 9.24, 2148.69 -32.32, 2100.39 -52.60, 2052.10 -46.06, 1997.74 -65.95, 1960.11 -12.40, 1884.86 -43.95, 1840.26 3.35, 1751.08 -36.78, 1702.33 -46.00, 1653.59 19.06, 1604.85 -0.03, 1558.63 -0.56, 1512.42 -46.75, 1466.21 -60.52, 1424.26 -55.27, 1382.31 -37.25, 1340.35 -33.74, 1210.37 -57.99, 1190.30 -42.89, 1150.16 16.74, 1114.26 23.53, 1042.47 3.79, 983.53 20.67, 954.05 -70.49, 926.89 -23.05, 899.73 -46.40, 872.57 -8.63, 801.16 -29.59, 781.71 -2.31, 742.81 -33.61, 686.34 -27.54, 658.11 -61.29, 567.66 -53.58, 518.32 -34.01, 468.99 -13.60, 419.66 -70.72, 355.32 -65.56, 323.15 -93.44, 279.24 -84.63, 191.42 -121.87, 51.61 -77.45, -29.93 -94.19, -11.20 67.39))'

959.406,310.225#1540.827,168.016#2404.150,242.896#1000,2000


	